10 -10.0 -1.0
10 -9.79797979798 -1.0
10 -9.59595959596 -1.0
10 -9.39393939394 -1.0
10 -9.19191919192 -1.0
10 -8.9898989899 -1.0
10 -8.78787878788 -1.0
10 -8.58585858586 -1.0
10 -8.38383838384 -1.0
10 -8.18181818182 -1.0
10 -7.9797979798 -1.0
10 -7.77777777778 -1.0
10 -7.57575757576 -1.0
10 -7.37373737374 -1.0
10 -7.17171717172 -1.0
10 -6.9696969697 -1.0
10 -6.76767676768 -1.0
10 -6.56565656566 -1.0
10 -6.36363636364 -1.0
10 -6.16161616162 -1.0
10 -5.9595959596 -1.0
10 -5.75757575758 -1.0
10 -5.55555555556 -1.0
10 -5.35353535354 -1.0
10 -5.15151515152 -1.0
10 -4.94949494949 -1.0
10 -4.74747474747 -1.0
10 -4.54545454545 -1.0
10 -4.34343434343 -1.0
10 -4.14141414141 -1.0
10 -3.93939393939 -1.0
10 -3.73737373737 -1.0
10 -3.53535353535 -1.0
10 -3.33333333333 -1.0
10 -3.13131313131 -1.0
10 -2.92929292929 -1.0
10 -2.72727272727 -1.0
10 -2.52525252525 -1.0
10 -2.32323232323 -1.0
10 -2.12121212121 -1.0
10 -1.91919191919 -1.0
10 -1.71717171717 -1.0
10 -1.51515151515 -1.0
10 -1.31313131313 -1.0
10 -1.11111111111 -1.0
10 -0.909090909091 -1.0
10 -0.707070707071 -1.0
10 -0.505050505051 -1.0
10 -0.30303030303 -1.0
10 -0.10101010101 -1.0
10 0.10101010101 -1.0
10 0.30303030303 -1.0
10 0.505050505051 -1.0
10 0.707070707071 -1.0
10 0.909090909091 -1.0
10 1.11111111111 -1.0
10 1.31313131313 -1.0
10 1.51515151515 -1.0
10 1.71717171717 -1.0
10 1.91919191919 -1.0
10 2.12121212121 -1.0
10 2.32323232323 -1.0
10 2.52525252525 -1.0
10 2.72727272727 -1.0
10 2.92929292929 -1.0
10 3.13131313131 -1.0
10 3.33333333333 -1.0
10 3.53535353535 -1.0
10 3.73737373737 -1.0
10 3.93939393939 -1.0
10 4.14141414141 -1.0
10 4.34343434343 -1.0
10 4.54545454545 -1.0
10 4.74747474747 -1.0
10 4.94949494949 -1.0
10 5.15151515152 -1.0
10 5.35353535354 -1.0
10 5.55555555556 -1.0
10 5.75757575758 -1.0
10 5.9595959596 -1.0
10 6.16161616162 -1.0
10 6.36363636364 -1.0
10 6.56565656566 -1.0
10 6.76767676768 -1.0
10 6.9696969697 -1.0
10 7.17171717172 -1.0
10 7.37373737374 -1.0
10 7.57575757576 -1.0
10 7.77777777778 -1.0
10 7.9797979798 -1.0
10 8.18181818182 -1.0
10 8.38383838384 -1.0
10 8.58585858586 -1.0
10 8.78787878788 -1.0
10 8.9898989899 -1.0
10 9.19191919192 -1.0
10 9.39393939394 -1.0
10 9.59595959596 -1.0
10 9.79797979798 -1.0
10 10.0 -1.0
10 -10.0 -0.777777777778
10 -9.79797979798 -0.777777777778
10 -9.59595959596 -0.777777777778
10 -9.39393939394 -0.777777777778
10 -9.19191919192 -0.777777777778
10 -8.9898989899 -0.777777777778
10 -8.78787878788 -0.777777777778
10 -8.58585858586 -0.777777777778
10 -8.38383838384 -0.777777777778
10 -8.18181818182 -0.777777777778
10 -7.9797979798 -0.777777777778
10 -7.77777777778 -0.777777777778
10 -7.57575757576 -0.777777777778
10 -7.37373737374 -0.777777777778
10 -7.17171717172 -0.777777777778
10 -6.9696969697 -0.777777777778
10 -6.76767676768 -0.777777777778
10 -6.56565656566 -0.777777777778
10 -6.36363636364 -0.777777777778
10 -6.16161616162 -0.777777777778
10 -5.9595959596 -0.777777777778
10 -5.75757575758 -0.777777777778
10 -5.55555555556 -0.777777777778
10 -5.35353535354 -0.777777777778
10 -5.15151515152 -0.777777777778
10 -4.94949494949 -0.777777777778
10 -4.74747474747 -0.777777777778
10 -4.54545454545 -0.777777777778
10 -4.34343434343 -0.777777777778
10 -4.14141414141 -0.777777777778
10 -3.93939393939 -0.777777777778
10 -3.73737373737 -0.777777777778
10 -3.53535353535 -0.777777777778
10 -3.33333333333 -0.777777777778
10 -3.13131313131 -0.777777777778
10 -2.92929292929 -0.777777777778
10 -2.72727272727 -0.777777777778
10 -2.52525252525 -0.777777777778
10 -2.32323232323 -0.777777777778
10 -2.12121212121 -0.777777777778
10 -1.91919191919 -0.777777777778
10 -1.71717171717 -0.777777777778
10 -1.51515151515 -0.777777777778
10 -1.31313131313 -0.777777777778
10 -1.11111111111 -0.777777777778
10 -0.909090909091 -0.777777777778
10 -0.707070707071 -0.777777777778
10 -0.505050505051 -0.777777777778
10 -0.30303030303 -0.777777777778
10 -0.10101010101 -0.777777777778
10 0.10101010101 -0.777777777778
10 0.30303030303 -0.777777777778
10 0.505050505051 -0.777777777778
10 0.707070707071 -0.777777777778
10 0.909090909091 -0.777777777778
10 1.11111111111 -0.777777777778
10 1.31313131313 -0.777777777778
10 1.51515151515 -0.777777777778
10 1.71717171717 -0.777777777778
10 1.91919191919 -0.777777777778
10 2.12121212121 -0.777777777778
10 2.32323232323 -0.777777777778
10 2.52525252525 -0.777777777778
10 2.72727272727 -0.777777777778
10 2.92929292929 -0.777777777778
10 3.13131313131 -0.777777777778
10 3.33333333333 -0.777777777778
10 3.53535353535 -0.777777777778
10 3.73737373737 -0.777777777778
10 3.93939393939 -0.777777777778
10 4.14141414141 -0.777777777778
10 4.34343434343 -0.777777777778
10 4.54545454545 -0.777777777778
10 4.74747474747 -0.777777777778
10 4.94949494949 -0.777777777778
10 5.15151515152 -0.777777777778
10 5.35353535354 -0.777777777778
10 5.55555555556 -0.777777777778
10 5.75757575758 -0.777777777778
10 5.9595959596 -0.777777777778
10 6.16161616162 -0.777777777778
10 6.36363636364 -0.777777777778
10 6.56565656566 -0.777777777778
10 6.76767676768 -0.777777777778
10 6.9696969697 -0.777777777778
10 7.17171717172 -0.777777777778
10 7.37373737374 -0.777777777778
10 7.57575757576 -0.777777777778
10 7.77777777778 -0.777777777778
10 7.9797979798 -0.777777777778
10 8.18181818182 -0.777777777778
10 8.38383838384 -0.777777777778
10 8.58585858586 -0.777777777778
10 8.78787878788 -0.777777777778
10 8.9898989899 -0.777777777778
10 9.19191919192 -0.777777777778
10 9.39393939394 -0.777777777778
10 9.59595959596 -0.777777777778
10 9.79797979798 -0.777777777778
10 10.0 -0.777777777778
10 -10.0 -0.555555555556
10 -9.79797979798 -0.555555555556
10 -9.59595959596 -0.555555555556
10 -9.39393939394 -0.555555555556
10 -9.19191919192 -0.555555555556
10 -8.9898989899 -0.555555555556
10 -8.78787878788 -0.555555555556
10 -8.58585858586 -0.555555555556
10 -8.38383838384 -0.555555555556
10 -8.18181818182 -0.555555555556
10 -7.9797979798 -0.555555555556
10 -7.77777777778 -0.555555555556
10 -7.57575757576 -0.555555555556
10 -7.37373737374 -0.555555555556
10 -7.17171717172 -0.555555555556
10 -6.9696969697 -0.555555555556
10 -6.76767676768 -0.555555555556
10 -6.56565656566 -0.555555555556
10 -6.36363636364 -0.555555555556
10 -6.16161616162 -0.555555555556
10 -5.9595959596 -0.555555555556
10 -5.75757575758 -0.555555555556
10 -5.55555555556 -0.555555555556
10 -5.35353535354 -0.555555555556
10 -5.15151515152 -0.555555555556
10 -4.94949494949 -0.555555555556
10 -4.74747474747 -0.555555555556
10 -4.54545454545 -0.555555555556
10 -4.34343434343 -0.555555555556
10 -4.14141414141 -0.555555555556
10 -3.93939393939 -0.555555555556
10 -3.73737373737 -0.555555555556
10 -3.53535353535 -0.555555555556
10 -3.33333333333 -0.555555555556
10 -3.13131313131 -0.555555555556
10 -2.92929292929 -0.555555555556
10 -2.72727272727 -0.555555555556
10 -2.52525252525 -0.555555555556
10 -2.32323232323 -0.555555555556
10 -2.12121212121 -0.555555555556
10 -1.91919191919 -0.555555555556
10 -1.71717171717 -0.555555555556
10 -1.51515151515 -0.555555555556
10 -1.31313131313 -0.555555555556
10 -1.11111111111 -0.555555555556
10 -0.909090909091 -0.555555555556
10 -0.707070707071 -0.555555555556
10 -0.505050505051 -0.555555555556
10 -0.30303030303 -0.555555555556
10 -0.10101010101 -0.555555555556
10 0.10101010101 -0.555555555556
10 0.30303030303 -0.555555555556
10 0.505050505051 -0.555555555556
10 0.707070707071 -0.555555555556
10 0.909090909091 -0.555555555556
10 1.11111111111 -0.555555555556
10 1.31313131313 -0.555555555556
10 1.51515151515 -0.555555555556
10 1.71717171717 -0.555555555556
10 1.91919191919 -0.555555555556
10 2.12121212121 -0.555555555556
10 2.32323232323 -0.555555555556
10 2.52525252525 -0.555555555556
10 2.72727272727 -0.555555555556
10 2.92929292929 -0.555555555556
10 3.13131313131 -0.555555555556
10 3.33333333333 -0.555555555556
10 3.53535353535 -0.555555555556
10 3.73737373737 -0.555555555556
10 3.93939393939 -0.555555555556
10 4.14141414141 -0.555555555556
10 4.34343434343 -0.555555555556
10 4.54545454545 -0.555555555556
10 4.74747474747 -0.555555555556
10 4.94949494949 -0.555555555556
10 5.15151515152 -0.555555555556
10 5.35353535354 -0.555555555556
10 5.55555555556 -0.555555555556
10 5.75757575758 -0.555555555556
10 5.9595959596 -0.555555555556
10 6.16161616162 -0.555555555556
10 6.36363636364 -0.555555555556
10 6.56565656566 -0.555555555556
10 6.76767676768 -0.555555555556
10 6.9696969697 -0.555555555556
10 7.17171717172 -0.555555555556
10 7.37373737374 -0.555555555556
10 7.57575757576 -0.555555555556
10 7.77777777778 -0.555555555556
10 7.9797979798 -0.555555555556
10 8.18181818182 -0.555555555556
10 8.38383838384 -0.555555555556
10 8.58585858586 -0.555555555556
10 8.78787878788 -0.555555555556
10 8.9898989899 -0.555555555556
10 9.19191919192 -0.555555555556
10 9.39393939394 -0.555555555556
10 9.59595959596 -0.555555555556
10 9.79797979798 -0.555555555556
10 10.0 -0.555555555556
10 -10.0 -0.333333333333
10 -9.79797979798 -0.333333333333
10 -9.59595959596 -0.333333333333
10 -9.39393939394 -0.333333333333
10 -9.19191919192 -0.333333333333
10 -8.9898989899 -0.333333333333
10 -8.78787878788 -0.333333333333
10 -8.58585858586 -0.333333333333
10 -8.38383838384 -0.333333333333
10 -8.18181818182 -0.333333333333
10 -7.9797979798 -0.333333333333
10 -7.77777777778 -0.333333333333
10 -7.57575757576 -0.333333333333
10 -7.37373737374 -0.333333333333
10 -7.17171717172 -0.333333333333
10 -6.9696969697 -0.333333333333
10 -6.76767676768 -0.333333333333
10 -6.56565656566 -0.333333333333
10 -6.36363636364 -0.333333333333
10 -6.16161616162 -0.333333333333
10 -5.9595959596 -0.333333333333
10 -5.75757575758 -0.333333333333
10 -5.55555555556 -0.333333333333
10 -5.35353535354 -0.333333333333
10 -5.15151515152 -0.333333333333
10 -4.94949494949 -0.333333333333
10 -4.74747474747 -0.333333333333
10 -4.54545454545 -0.333333333333
10 -4.34343434343 -0.333333333333
10 -4.14141414141 -0.333333333333
10 -3.93939393939 -0.333333333333
10 -3.73737373737 -0.333333333333
10 -3.53535353535 -0.333333333333
10 -3.33333333333 -0.333333333333
10 -3.13131313131 -0.333333333333
10 -2.92929292929 -0.333333333333
10 -2.72727272727 -0.333333333333
10 -2.52525252525 -0.333333333333
10 -2.32323232323 -0.333333333333
10 -2.12121212121 -0.333333333333
10 -1.91919191919 -0.333333333333
10 -1.71717171717 -0.333333333333
10 -1.51515151515 -0.333333333333
10 -1.31313131313 -0.333333333333
10 -1.11111111111 -0.333333333333
10 -0.909090909091 -0.333333333333
10 -0.707070707071 -0.333333333333
10 -0.505050505051 -0.333333333333
10 -0.30303030303 -0.333333333333
10 -0.10101010101 -0.333333333333
10 0.10101010101 -0.333333333333
10 0.30303030303 -0.333333333333
10 0.505050505051 -0.333333333333
10 0.707070707071 -0.333333333333
10 0.909090909091 -0.333333333333
10 1.11111111111 -0.333333333333
10 1.31313131313 -0.333333333333
10 1.51515151515 -0.333333333333
10 1.71717171717 -0.333333333333
10 1.91919191919 -0.333333333333
10 2.12121212121 -0.333333333333
10 2.32323232323 -0.333333333333
10 2.52525252525 -0.333333333333
10 2.72727272727 -0.333333333333
10 2.92929292929 -0.333333333333
10 3.13131313131 -0.333333333333
10 3.33333333333 -0.333333333333
10 3.53535353535 -0.333333333333
10 3.73737373737 -0.333333333333
10 3.93939393939 -0.333333333333
10 4.14141414141 -0.333333333333
10 4.34343434343 -0.333333333333
10 4.54545454545 -0.333333333333
10 4.74747474747 -0.333333333333
10 4.94949494949 -0.333333333333
10 5.15151515152 -0.333333333333
10 5.35353535354 -0.333333333333
10 5.55555555556 -0.333333333333
10 5.75757575758 -0.333333333333
10 5.9595959596 -0.333333333333
10 6.16161616162 -0.333333333333
10 6.36363636364 -0.333333333333
10 6.56565656566 -0.333333333333
10 6.76767676768 -0.333333333333
10 6.9696969697 -0.333333333333
10 7.17171717172 -0.333333333333
10 7.37373737374 -0.333333333333
10 7.57575757576 -0.333333333333
10 7.77777777778 -0.333333333333
10 7.9797979798 -0.333333333333
10 8.18181818182 -0.333333333333
10 8.38383838384 -0.333333333333
10 8.58585858586 -0.333333333333
10 8.78787878788 -0.333333333333
10 8.9898989899 -0.333333333333
10 9.19191919192 -0.333333333333
10 9.39393939394 -0.333333333333
10 9.59595959596 -0.333333333333
10 9.79797979798 -0.333333333333
10 10.0 -0.333333333333
10 -10.0 -0.111111111111
10 -9.79797979798 -0.111111111111
10 -9.59595959596 -0.111111111111
10 -9.39393939394 -0.111111111111
10 -9.19191919192 -0.111111111111
10 -8.9898989899 -0.111111111111
10 -8.78787878788 -0.111111111111
10 -8.58585858586 -0.111111111111
10 -8.38383838384 -0.111111111111
10 -8.18181818182 -0.111111111111
10 -7.9797979798 -0.111111111111
10 -7.77777777778 -0.111111111111
10 -7.57575757576 -0.111111111111
10 -7.37373737374 -0.111111111111
10 -7.17171717172 -0.111111111111
10 -6.9696969697 -0.111111111111
10 -6.76767676768 -0.111111111111
10 -6.56565656566 -0.111111111111
10 -6.36363636364 -0.111111111111
10 -6.16161616162 -0.111111111111
10 -5.9595959596 -0.111111111111
10 -5.75757575758 -0.111111111111
10 -5.55555555556 -0.111111111111
10 -5.35353535354 -0.111111111111
10 -5.15151515152 -0.111111111111
10 -4.94949494949 -0.111111111111
10 -4.74747474747 -0.111111111111
10 -4.54545454545 -0.111111111111
10 -4.34343434343 -0.111111111111
10 -4.14141414141 -0.111111111111
10 -3.93939393939 -0.111111111111
10 -3.73737373737 -0.111111111111
10 -3.53535353535 -0.111111111111
10 -3.33333333333 -0.111111111111
10 -3.13131313131 -0.111111111111
10 -2.92929292929 -0.111111111111
10 -2.72727272727 -0.111111111111
10 -2.52525252525 -0.111111111111
10 -2.32323232323 -0.111111111111
10 -2.12121212121 -0.111111111111
10 -1.91919191919 -0.111111111111
10 -1.71717171717 -0.111111111111
10 -1.51515151515 -0.111111111111
10 -1.31313131313 -0.111111111111
10 -1.11111111111 -0.111111111111
10 -0.909090909091 -0.111111111111
10 -0.707070707071 -0.111111111111
10 -0.505050505051 -0.111111111111
10 -0.30303030303 -0.111111111111
10 -0.10101010101 -0.111111111111
10 0.10101010101 -0.111111111111
10 0.30303030303 -0.111111111111
10 0.505050505051 -0.111111111111
10 0.707070707071 -0.111111111111
10 0.909090909091 -0.111111111111
10 1.11111111111 -0.111111111111
10 1.31313131313 -0.111111111111
10 1.51515151515 -0.111111111111
10 1.71717171717 -0.111111111111
10 1.91919191919 -0.111111111111
10 2.12121212121 -0.111111111111
10 2.32323232323 -0.111111111111
10 2.52525252525 -0.111111111111
10 2.72727272727 -0.111111111111
10 2.92929292929 -0.111111111111
10 3.13131313131 -0.111111111111
10 3.33333333333 -0.111111111111
10 3.53535353535 -0.111111111111
10 3.73737373737 -0.111111111111
10 3.93939393939 -0.111111111111
10 4.14141414141 -0.111111111111
10 4.34343434343 -0.111111111111
10 4.54545454545 -0.111111111111
10 4.74747474747 -0.111111111111
10 4.94949494949 -0.111111111111
10 5.15151515152 -0.111111111111
10 5.35353535354 -0.111111111111
10 5.55555555556 -0.111111111111
10 5.75757575758 -0.111111111111
10 5.9595959596 -0.111111111111
10 6.16161616162 -0.111111111111
10 6.36363636364 -0.111111111111
10 6.56565656566 -0.111111111111
10 6.76767676768 -0.111111111111
10 6.9696969697 -0.111111111111
10 7.17171717172 -0.111111111111
10 7.37373737374 -0.111111111111
10 7.57575757576 -0.111111111111
10 7.77777777778 -0.111111111111
10 7.9797979798 -0.111111111111
10 8.18181818182 -0.111111111111
10 8.38383838384 -0.111111111111
10 8.58585858586 -0.111111111111
10 8.78787878788 -0.111111111111
10 8.9898989899 -0.111111111111
10 9.19191919192 -0.111111111111
10 9.39393939394 -0.111111111111
10 9.59595959596 -0.111111111111
10 9.79797979798 -0.111111111111
10 10.0 -0.111111111111
10 -10.0 0.111111111111
10 -9.79797979798 0.111111111111
10 -9.59595959596 0.111111111111
10 -9.39393939394 0.111111111111
10 -9.19191919192 0.111111111111
10 -8.9898989899 0.111111111111
10 -8.78787878788 0.111111111111
10 -8.58585858586 0.111111111111
10 -8.38383838384 0.111111111111
10 -8.18181818182 0.111111111111
10 -7.9797979798 0.111111111111
10 -7.77777777778 0.111111111111
10 -7.57575757576 0.111111111111
10 -7.37373737374 0.111111111111
10 -7.17171717172 0.111111111111
10 -6.9696969697 0.111111111111
10 -6.76767676768 0.111111111111
10 -6.56565656566 0.111111111111
10 -6.36363636364 0.111111111111
10 -6.16161616162 0.111111111111
10 -5.9595959596 0.111111111111
10 -5.75757575758 0.111111111111
10 -5.55555555556 0.111111111111
10 -5.35353535354 0.111111111111
10 -5.15151515152 0.111111111111
10 -4.94949494949 0.111111111111
10 -4.74747474747 0.111111111111
10 -4.54545454545 0.111111111111
10 -4.34343434343 0.111111111111
10 -4.14141414141 0.111111111111
10 -3.93939393939 0.111111111111
10 -3.73737373737 0.111111111111
10 -3.53535353535 0.111111111111
10 -3.33333333333 0.111111111111
10 -3.13131313131 0.111111111111
10 -2.92929292929 0.111111111111
10 -2.72727272727 0.111111111111
10 -2.52525252525 0.111111111111
10 -2.32323232323 0.111111111111
10 -2.12121212121 0.111111111111
10 -1.91919191919 0.111111111111
10 -1.71717171717 0.111111111111
10 -1.51515151515 0.111111111111
10 -1.31313131313 0.111111111111
10 -1.11111111111 0.111111111111
10 -0.909090909091 0.111111111111
10 -0.707070707071 0.111111111111
10 -0.505050505051 0.111111111111
10 -0.30303030303 0.111111111111
10 -0.10101010101 0.111111111111
10 0.10101010101 0.111111111111
10 0.30303030303 0.111111111111
10 0.505050505051 0.111111111111
10 0.707070707071 0.111111111111
10 0.909090909091 0.111111111111
10 1.11111111111 0.111111111111
10 1.31313131313 0.111111111111
10 1.51515151515 0.111111111111
10 1.71717171717 0.111111111111
10 1.91919191919 0.111111111111
10 2.12121212121 0.111111111111
10 2.32323232323 0.111111111111
10 2.52525252525 0.111111111111
10 2.72727272727 0.111111111111
10 2.92929292929 0.111111111111
10 3.13131313131 0.111111111111
10 3.33333333333 0.111111111111
10 3.53535353535 0.111111111111
10 3.73737373737 0.111111111111
10 3.93939393939 0.111111111111
10 4.14141414141 0.111111111111
10 4.34343434343 0.111111111111
10 4.54545454545 0.111111111111
10 4.74747474747 0.111111111111
10 4.94949494949 0.111111111111
10 5.15151515152 0.111111111111
10 5.35353535354 0.111111111111
10 5.55555555556 0.111111111111
10 5.75757575758 0.111111111111
10 5.9595959596 0.111111111111
10 6.16161616162 0.111111111111
10 6.36363636364 0.111111111111
10 6.56565656566 0.111111111111
10 6.76767676768 0.111111111111
10 6.9696969697 0.111111111111
10 7.17171717172 0.111111111111
10 7.37373737374 0.111111111111
10 7.57575757576 0.111111111111
10 7.77777777778 0.111111111111
10 7.9797979798 0.111111111111
10 8.18181818182 0.111111111111
10 8.38383838384 0.111111111111
10 8.58585858586 0.111111111111
10 8.78787878788 0.111111111111
10 8.9898989899 0.111111111111
10 9.19191919192 0.111111111111
10 9.39393939394 0.111111111111
10 9.59595959596 0.111111111111
10 9.79797979798 0.111111111111
10 10.0 0.111111111111
10 -10.0 0.333333333333
10 -9.79797979798 0.333333333333
10 -9.59595959596 0.333333333333
10 -9.39393939394 0.333333333333
10 -9.19191919192 0.333333333333
10 -8.9898989899 0.333333333333
10 -8.78787878788 0.333333333333
10 -8.58585858586 0.333333333333
10 -8.38383838384 0.333333333333
10 -8.18181818182 0.333333333333
10 -7.9797979798 0.333333333333
10 -7.77777777778 0.333333333333
10 -7.57575757576 0.333333333333
10 -7.37373737374 0.333333333333
10 -7.17171717172 0.333333333333
10 -6.9696969697 0.333333333333
10 -6.76767676768 0.333333333333
10 -6.56565656566 0.333333333333
10 -6.36363636364 0.333333333333
10 -6.16161616162 0.333333333333
10 -5.9595959596 0.333333333333
10 -5.75757575758 0.333333333333
10 -5.55555555556 0.333333333333
10 -5.35353535354 0.333333333333
10 -5.15151515152 0.333333333333
10 -4.94949494949 0.333333333333
10 -4.74747474747 0.333333333333
10 -4.54545454545 0.333333333333
10 -4.34343434343 0.333333333333
10 -4.14141414141 0.333333333333
10 -3.93939393939 0.333333333333
10 -3.73737373737 0.333333333333
10 -3.53535353535 0.333333333333
10 -3.33333333333 0.333333333333
10 -3.13131313131 0.333333333333
10 -2.92929292929 0.333333333333
10 -2.72727272727 0.333333333333
10 -2.52525252525 0.333333333333
10 -2.32323232323 0.333333333333
10 -2.12121212121 0.333333333333
10 -1.91919191919 0.333333333333
10 -1.71717171717 0.333333333333
10 -1.51515151515 0.333333333333
10 -1.31313131313 0.333333333333
10 -1.11111111111 0.333333333333
10 -0.909090909091 0.333333333333
10 -0.707070707071 0.333333333333
10 -0.505050505051 0.333333333333
10 -0.30303030303 0.333333333333
10 -0.10101010101 0.333333333333
10 0.10101010101 0.333333333333
10 0.30303030303 0.333333333333
10 0.505050505051 0.333333333333
10 0.707070707071 0.333333333333
10 0.909090909091 0.333333333333
10 1.11111111111 0.333333333333
10 1.31313131313 0.333333333333
10 1.51515151515 0.333333333333
10 1.71717171717 0.333333333333
10 1.91919191919 0.333333333333
10 2.12121212121 0.333333333333
10 2.32323232323 0.333333333333
10 2.52525252525 0.333333333333
10 2.72727272727 0.333333333333
10 2.92929292929 0.333333333333
10 3.13131313131 0.333333333333
10 3.33333333333 0.333333333333
10 3.53535353535 0.333333333333
10 3.73737373737 0.333333333333
10 3.93939393939 0.333333333333
10 4.14141414141 0.333333333333
10 4.34343434343 0.333333333333
10 4.54545454545 0.333333333333
10 4.74747474747 0.333333333333
10 4.94949494949 0.333333333333
10 5.15151515152 0.333333333333
10 5.35353535354 0.333333333333
10 5.55555555556 0.333333333333
10 5.75757575758 0.333333333333
10 5.9595959596 0.333333333333
10 6.16161616162 0.333333333333
10 6.36363636364 0.333333333333
10 6.56565656566 0.333333333333
10 6.76767676768 0.333333333333
10 6.9696969697 0.333333333333
10 7.17171717172 0.333333333333
10 7.37373737374 0.333333333333
10 7.57575757576 0.333333333333
10 7.77777777778 0.333333333333
10 7.9797979798 0.333333333333
10 8.18181818182 0.333333333333
10 8.38383838384 0.333333333333
10 8.58585858586 0.333333333333
10 8.78787878788 0.333333333333
10 8.9898989899 0.333333333333
10 9.19191919192 0.333333333333
10 9.39393939394 0.333333333333
10 9.59595959596 0.333333333333
10 9.79797979798 0.333333333333
10 10.0 0.333333333333
10 -10.0 0.555555555556
10 -9.79797979798 0.555555555556
10 -9.59595959596 0.555555555556
10 -9.39393939394 0.555555555556
10 -9.19191919192 0.555555555556
10 -8.9898989899 0.555555555556
10 -8.78787878788 0.555555555556
10 -8.58585858586 0.555555555556
10 -8.38383838384 0.555555555556
10 -8.18181818182 0.555555555556
10 -7.9797979798 0.555555555556
10 -7.77777777778 0.555555555556
10 -7.57575757576 0.555555555556
10 -7.37373737374 0.555555555556
10 -7.17171717172 0.555555555556
10 -6.9696969697 0.555555555556
10 -6.76767676768 0.555555555556
10 -6.56565656566 0.555555555556
10 -6.36363636364 0.555555555556
10 -6.16161616162 0.555555555556
10 -5.9595959596 0.555555555556
10 -5.75757575758 0.555555555556
10 -5.55555555556 0.555555555556
10 -5.35353535354 0.555555555556
10 -5.15151515152 0.555555555556
10 -4.94949494949 0.555555555556
10 -4.74747474747 0.555555555556
10 -4.54545454545 0.555555555556
10 -4.34343434343 0.555555555556
10 -4.14141414141 0.555555555556
10 -3.93939393939 0.555555555556
10 -3.73737373737 0.555555555556
10 -3.53535353535 0.555555555556
10 -3.33333333333 0.555555555556
10 -3.13131313131 0.555555555556
10 -2.92929292929 0.555555555556
10 -2.72727272727 0.555555555556
10 -2.52525252525 0.555555555556
10 -2.32323232323 0.555555555556
10 -2.12121212121 0.555555555556
10 -1.91919191919 0.555555555556
10 -1.71717171717 0.555555555556
10 -1.51515151515 0.555555555556
10 -1.31313131313 0.555555555556
10 -1.11111111111 0.555555555556
10 -0.909090909091 0.555555555556
10 -0.707070707071 0.555555555556
10 -0.505050505051 0.555555555556
10 -0.30303030303 0.555555555556
10 -0.10101010101 0.555555555556
10 0.10101010101 0.555555555556
10 0.30303030303 0.555555555556
10 0.505050505051 0.555555555556
10 0.707070707071 0.555555555556
10 0.909090909091 0.555555555556
10 1.11111111111 0.555555555556
10 1.31313131313 0.555555555556
10 1.51515151515 0.555555555556
10 1.71717171717 0.555555555556
10 1.91919191919 0.555555555556
10 2.12121212121 0.555555555556
10 2.32323232323 0.555555555556
10 2.52525252525 0.555555555556
10 2.72727272727 0.555555555556
10 2.92929292929 0.555555555556
10 3.13131313131 0.555555555556
10 3.33333333333 0.555555555556
10 3.53535353535 0.555555555556
10 3.73737373737 0.555555555556
10 3.93939393939 0.555555555556
10 4.14141414141 0.555555555556
10 4.34343434343 0.555555555556
10 4.54545454545 0.555555555556
10 4.74747474747 0.555555555556
10 4.94949494949 0.555555555556
10 5.15151515152 0.555555555556
10 5.35353535354 0.555555555556
10 5.55555555556 0.555555555556
10 5.75757575758 0.555555555556
10 5.9595959596 0.555555555556
10 6.16161616162 0.555555555556
10 6.36363636364 0.555555555556
10 6.56565656566 0.555555555556
10 6.76767676768 0.555555555556
10 6.9696969697 0.555555555556
10 7.17171717172 0.555555555556
10 7.37373737374 0.555555555556
10 7.57575757576 0.555555555556
10 7.77777777778 0.555555555556
10 7.9797979798 0.555555555556
10 8.18181818182 0.555555555556
10 8.38383838384 0.555555555556
10 8.58585858586 0.555555555556
10 8.78787878788 0.555555555556
10 8.9898989899 0.555555555556
10 9.19191919192 0.555555555556
10 9.39393939394 0.555555555556
10 9.59595959596 0.555555555556
10 9.79797979798 0.555555555556
10 10.0 0.555555555556
10 -10.0 0.777777777778
10 -9.79797979798 0.777777777778
10 -9.59595959596 0.777777777778
10 -9.39393939394 0.777777777778
10 -9.19191919192 0.777777777778
10 -8.9898989899 0.777777777778
10 -8.78787878788 0.777777777778
10 -8.58585858586 0.777777777778
10 -8.38383838384 0.777777777778
10 -8.18181818182 0.777777777778
10 -7.9797979798 0.777777777778
10 -7.77777777778 0.777777777778
10 -7.57575757576 0.777777777778
10 -7.37373737374 0.777777777778
10 -7.17171717172 0.777777777778
10 -6.9696969697 0.777777777778
10 -6.76767676768 0.777777777778
10 -6.56565656566 0.777777777778
10 -6.36363636364 0.777777777778
10 -6.16161616162 0.777777777778
10 -5.9595959596 0.777777777778
10 -5.75757575758 0.777777777778
10 -5.55555555556 0.777777777778
10 -5.35353535354 0.777777777778
10 -5.15151515152 0.777777777778
10 -4.94949494949 0.777777777778
10 -4.74747474747 0.777777777778
10 -4.54545454545 0.777777777778
10 -4.34343434343 0.777777777778
10 -4.14141414141 0.777777777778
10 -3.93939393939 0.777777777778
10 -3.73737373737 0.777777777778
10 -3.53535353535 0.777777777778
10 -3.33333333333 0.777777777778
10 -3.13131313131 0.777777777778
10 -2.92929292929 0.777777777778
10 -2.72727272727 0.777777777778
10 -2.52525252525 0.777777777778
10 -2.32323232323 0.777777777778
10 -2.12121212121 0.777777777778
10 -1.91919191919 0.777777777778
10 -1.71717171717 0.777777777778
10 -1.51515151515 0.777777777778
10 -1.31313131313 0.777777777778
10 -1.11111111111 0.777777777778
10 -0.909090909091 0.777777777778
10 -0.707070707071 0.777777777778
10 -0.505050505051 0.777777777778
10 -0.30303030303 0.777777777778
10 -0.10101010101 0.777777777778
10 0.10101010101 0.777777777778
10 0.30303030303 0.777777777778
10 0.505050505051 0.777777777778
10 0.707070707071 0.777777777778
10 0.909090909091 0.777777777778
10 1.11111111111 0.777777777778
10 1.31313131313 0.777777777778
10 1.51515151515 0.777777777778
10 1.71717171717 0.777777777778
10 1.91919191919 0.777777777778
10 2.12121212121 0.777777777778
10 2.32323232323 0.777777777778
10 2.52525252525 0.777777777778
10 2.72727272727 0.777777777778
10 2.92929292929 0.777777777778
10 3.13131313131 0.777777777778
10 3.33333333333 0.777777777778
10 3.53535353535 0.777777777778
10 3.73737373737 0.777777777778
10 3.93939393939 0.777777777778
10 4.14141414141 0.777777777778
10 4.34343434343 0.777777777778
10 4.54545454545 0.777777777778
10 4.74747474747 0.777777777778
10 4.94949494949 0.777777777778
10 5.15151515152 0.777777777778
10 5.35353535354 0.777777777778
10 5.55555555556 0.777777777778
10 5.75757575758 0.777777777778
10 5.9595959596 0.777777777778
10 6.16161616162 0.777777777778
10 6.36363636364 0.777777777778
10 6.56565656566 0.777777777778
10 6.76767676768 0.777777777778
10 6.9696969697 0.777777777778
10 7.17171717172 0.777777777778
10 7.37373737374 0.777777777778
10 7.57575757576 0.777777777778
10 7.77777777778 0.777777777778
10 7.9797979798 0.777777777778
10 8.18181818182 0.777777777778
10 8.38383838384 0.777777777778
10 8.58585858586 0.777777777778
10 8.78787878788 0.777777777778
10 8.9898989899 0.777777777778
10 9.19191919192 0.777777777778
10 9.39393939394 0.777777777778
10 9.59595959596 0.777777777778
10 9.79797979798 0.777777777778
10 10.0 0.777777777778
10 -10.0 1.0
10 -9.79797979798 1.0
10 -9.59595959596 1.0
10 -9.39393939394 1.0
10 -9.19191919192 1.0
10 -8.9898989899 1.0
10 -8.78787878788 1.0
10 -8.58585858586 1.0
10 -8.38383838384 1.0
10 -8.18181818182 1.0
10 -7.9797979798 1.0
10 -7.77777777778 1.0
10 -7.57575757576 1.0
10 -7.37373737374 1.0
10 -7.17171717172 1.0
10 -6.9696969697 1.0
10 -6.76767676768 1.0
10 -6.56565656566 1.0
10 -6.36363636364 1.0
10 -6.16161616162 1.0
10 -5.9595959596 1.0
10 -5.75757575758 1.0
10 -5.55555555556 1.0
10 -5.35353535354 1.0
10 -5.15151515152 1.0
10 -4.94949494949 1.0
10 -4.74747474747 1.0
10 -4.54545454545 1.0
10 -4.34343434343 1.0
10 -4.14141414141 1.0
10 -3.93939393939 1.0
10 -3.73737373737 1.0
10 -3.53535353535 1.0
10 -3.33333333333 1.0
10 -3.13131313131 1.0
10 -2.92929292929 1.0
10 -2.72727272727 1.0
10 -2.52525252525 1.0
10 -2.32323232323 1.0
10 -2.12121212121 1.0
10 -1.91919191919 1.0
10 -1.71717171717 1.0
10 -1.51515151515 1.0
10 -1.31313131313 1.0
10 -1.11111111111 1.0
10 -0.909090909091 1.0
10 -0.707070707071 1.0
10 -0.505050505051 1.0
10 -0.30303030303 1.0
10 -0.10101010101 1.0
10 0.10101010101 1.0
10 0.30303030303 1.0
10 0.505050505051 1.0
10 0.707070707071 1.0
10 0.909090909091 1.0
10 1.11111111111 1.0
10 1.31313131313 1.0
10 1.51515151515 1.0
10 1.71717171717 1.0
10 1.91919191919 1.0
10 2.12121212121 1.0
10 2.32323232323 1.0
10 2.52525252525 1.0
10 2.72727272727 1.0
10 2.92929292929 1.0
10 3.13131313131 1.0
10 3.33333333333 1.0
10 3.53535353535 1.0
10 3.73737373737 1.0
10 3.93939393939 1.0
10 4.14141414141 1.0
10 4.34343434343 1.0
10 4.54545454545 1.0
10 4.74747474747 1.0
10 4.94949494949 1.0
10 5.15151515152 1.0
10 5.35353535354 1.0
10 5.55555555556 1.0
10 5.75757575758 1.0
10 5.9595959596 1.0
10 6.16161616162 1.0
10 6.36363636364 1.0
10 6.56565656566 1.0
10 6.76767676768 1.0
10 6.9696969697 1.0
10 7.17171717172 1.0
10 7.37373737374 1.0
10 7.57575757576 1.0
10 7.77777777778 1.0
10 7.9797979798 1.0
10 8.18181818182 1.0
10 8.38383838384 1.0
10 8.58585858586 1.0
10 8.78787878788 1.0
10 8.9898989899 1.0
10 9.19191919192 1.0
10 9.39393939394 1.0
10 9.59595959596 1.0
10 9.79797979798 1.0
10 10.0 1.0
