-11.0 -10.0 -1.0
-10.797979798 -9.79797979798 -1.0
-10.595959596 -9.59595959596 -1.0
-10.3939393939 -9.39393939394 -1.0
-10.1919191919 -9.19191919192 -1.0
-9.9898989899 -8.9898989899 -1.0
-9.78787878788 -8.78787878788 -1.0
-9.58585858586 -8.58585858586 -1.0
-9.38383838384 -8.38383838384 -1.0
-9.18181818182 -8.18181818182 -1.0
-8.9797979798 -7.9797979798 -1.0
-8.77777777778 -7.77777777778 -1.0
-8.57575757576 -7.57575757576 -1.0
-8.37373737374 -7.37373737374 -1.0
-8.17171717172 -7.17171717172 -1.0
-7.9696969697 -6.9696969697 -1.0
-7.76767676768 -6.76767676768 -1.0
-7.56565656566 -6.56565656566 -1.0
-7.36363636364 -6.36363636364 -1.0
-7.16161616162 -6.16161616162 -1.0
-6.9595959596 -5.9595959596 -1.0
-6.75757575758 -5.75757575758 -1.0
-6.55555555556 -5.55555555556 -1.0
-6.35353535354 -5.35353535354 -1.0
-6.15151515152 -5.15151515152 -1.0
-5.94949494949 -4.94949494949 -1.0
-5.74747474747 -4.74747474747 -1.0
-5.54545454545 -4.54545454545 -1.0
-5.34343434343 -4.34343434343 -1.0
-5.14141414141 -4.14141414141 -1.0
-4.93939393939 -3.93939393939 -1.0
-4.73737373737 -3.73737373737 -1.0
-4.53535353535 -3.53535353535 -1.0
-4.33333333333 -3.33333333333 -1.0
-4.13131313131 -3.13131313131 -1.0
-3.92929292929 -2.92929292929 -1.0
-3.72727272727 -2.72727272727 -1.0
-3.52525252525 -2.52525252525 -1.0
-3.32323232323 -2.32323232323 -1.0
-3.12121212121 -2.12121212121 -1.0
-2.91919191919 -1.91919191919 -1.0
-2.71717171717 -1.71717171717 -1.0
-2.51515151515 -1.51515151515 -1.0
-2.31313131313 -1.31313131313 -1.0
-2.11111111111 -1.11111111111 -1.0
-1.90909090909 -0.909090909091 -1.0
-1.70707070707 -0.707070707071 -1.0
-1.50505050505 -0.505050505051 -1.0
-1.30303030303 -0.30303030303 -1.0
-1.10101010101 -0.10101010101 -1.0
-0.89898989899 0.10101010101 -1.0
-0.69696969697 0.30303030303 -1.0
-0.494949494949 0.505050505051 -1.0
-0.292929292929 0.707070707071 -1.0
-0.0909090909091 0.909090909091 -1.0
0.111111111111 1.11111111111 -1.0
0.313131313131 1.31313131313 -1.0
0.515151515152 1.51515151515 -1.0
0.717171717172 1.71717171717 -1.0
0.919191919192 1.91919191919 -1.0
1.12121212121 2.12121212121 -1.0
1.32323232323 2.32323232323 -1.0
1.52525252525 2.52525252525 -1.0
1.72727272727 2.72727272727 -1.0
1.92929292929 2.92929292929 -1.0
2.13131313131 3.13131313131 -1.0
2.33333333333 3.33333333333 -1.0
2.53535353535 3.53535353535 -1.0
2.73737373737 3.73737373737 -1.0
2.93939393939 3.93939393939 -1.0
3.14141414141 4.14141414141 -1.0
3.34343434343 4.34343434343 -1.0
3.54545454545 4.54545454545 -1.0
3.74747474747 4.74747474747 -1.0
3.94949494949 4.94949494949 -1.0
4.15151515152 5.15151515152 -1.0
4.35353535354 5.35353535354 -1.0
4.55555555556 5.55555555556 -1.0
4.75757575758 5.75757575758 -1.0
4.9595959596 5.9595959596 -1.0
5.16161616162 6.16161616162 -1.0
5.36363636364 6.36363636364 -1.0
5.56565656566 6.56565656566 -1.0
5.76767676768 6.76767676768 -1.0
5.9696969697 6.9696969697 -1.0
6.17171717172 7.17171717172 -1.0
6.37373737374 7.37373737374 -1.0
6.57575757576 7.57575757576 -1.0
6.77777777778 7.77777777778 -1.0
6.9797979798 7.9797979798 -1.0
7.18181818182 8.18181818182 -1.0
7.38383838384 8.38383838384 -1.0
7.58585858586 8.58585858586 -1.0
7.78787878788 8.78787878788 -1.0
7.9898989899 8.9898989899 -1.0
8.19191919192 9.19191919192 -1.0
8.39393939394 9.39393939394 -1.0
8.59595959596 9.59595959596 -1.0
8.79797979798 9.79797979798 -1.0
9.0 10.0 -1.0
-10.7777777778 -10.0 -0.777777777778
-10.5757575758 -9.79797979798 -0.777777777778
-10.3737373737 -9.59595959596 -0.777777777778
-10.1717171717 -9.39393939394 -0.777777777778
-9.9696969697 -9.19191919192 -0.777777777778
-9.76767676768 -8.9898989899 -0.777777777778
-9.56565656566 -8.78787878788 -0.777777777778
-9.36363636364 -8.58585858586 -0.777777777778
-9.16161616162 -8.38383838384 -0.777777777778
-8.9595959596 -8.18181818182 -0.777777777778
-8.75757575758 -7.9797979798 -0.777777777778
-8.55555555556 -7.77777777778 -0.777777777778
-8.35353535354 -7.57575757576 -0.777777777778
-8.15151515152 -7.37373737374 -0.777777777778
-7.94949494949 -7.17171717172 -0.777777777778
-7.74747474747 -6.9696969697 -0.777777777778
-7.54545454545 -6.76767676768 -0.777777777778
-7.34343434343 -6.56565656566 -0.777777777778
-7.14141414141 -6.36363636364 -0.777777777778
-6.93939393939 -6.16161616162 -0.777777777778
-6.73737373737 -5.9595959596 -0.777777777778
-6.53535353535 -5.75757575758 -0.777777777778
-6.33333333333 -5.55555555556 -0.777777777778
-6.13131313131 -5.35353535354 -0.777777777778
-5.92929292929 -5.15151515152 -0.777777777778
-5.72727272727 -4.94949494949 -0.777777777778
-5.52525252525 -4.74747474747 -0.777777777778
-5.32323232323 -4.54545454545 -0.777777777778
-5.12121212121 -4.34343434343 -0.777777777778
-4.91919191919 -4.14141414141 -0.777777777778
-4.71717171717 -3.93939393939 -0.777777777778
-4.51515151515 -3.73737373737 -0.777777777778
-4.31313131313 -3.53535353535 -0.777777777778
-4.11111111111 -3.33333333333 -0.777777777778
-3.90909090909 -3.13131313131 -0.777777777778
-3.70707070707 -2.92929292929 -0.777777777778
-3.50505050505 -2.72727272727 -0.777777777778
-3.30303030303 -2.52525252525 -0.777777777778
-3.10101010101 -2.32323232323 -0.777777777778
-2.89898989899 -2.12121212121 -0.777777777778
-2.69696969697 -1.91919191919 -0.777777777778
-2.49494949495 -1.71717171717 -0.777777777778
-2.29292929293 -1.51515151515 -0.777777777778
-2.09090909091 -1.31313131313 -0.777777777778
-1.88888888889 -1.11111111111 -0.777777777778
-1.68686868687 -0.909090909091 -0.777777777778
-1.48484848485 -0.707070707071 -0.777777777778
-1.28282828283 -0.505050505051 -0.777777777778
-1.08080808081 -0.30303030303 -0.777777777778
-0.878787878788 -0.10101010101 -0.777777777778
-0.676767676768 0.10101010101 -0.777777777778
-0.474747474747 0.30303030303 -0.777777777778
-0.272727272727 0.505050505051 -0.777777777778
-0.0707070707071 0.707070707071 -0.777777777778
0.131313131313 0.909090909091 -0.777777777778
0.333333333333 1.11111111111 -0.777777777778
0.535353535354 1.31313131313 -0.777777777778
0.737373737374 1.51515151515 -0.777777777778
0.939393939394 1.71717171717 -0.777777777778
1.14141414141 1.91919191919 -0.777777777778
1.34343434343 2.12121212121 -0.777777777778
1.54545454545 2.32323232323 -0.777777777778
1.74747474747 2.52525252525 -0.777777777778
1.94949494949 2.72727272727 -0.777777777778
2.15151515152 2.92929292929 -0.777777777778
2.35353535354 3.13131313131 -0.777777777778
2.55555555556 3.33333333333 -0.777777777778
2.75757575758 3.53535353535 -0.777777777778
2.9595959596 3.73737373737 -0.777777777778
3.16161616162 3.93939393939 -0.777777777778
3.36363636364 4.14141414141 -0.777777777778
3.56565656566 4.34343434343 -0.777777777778
3.76767676768 4.54545454545 -0.777777777778
3.9696969697 4.74747474747 -0.777777777778
4.17171717172 4.94949494949 -0.777777777778
4.37373737374 5.15151515152 -0.777777777778
4.57575757576 5.35353535354 -0.777777777778
4.77777777778 5.55555555556 -0.777777777778
4.9797979798 5.75757575758 -0.777777777778
5.18181818182 5.9595959596 -0.777777777778
5.38383838384 6.16161616162 -0.777777777778
5.58585858586 6.36363636364 -0.777777777778
5.78787878788 6.56565656566 -0.777777777778
5.9898989899 6.76767676768 -0.777777777778
6.19191919192 6.9696969697 -0.777777777778
6.39393939394 7.17171717172 -0.777777777778
6.59595959596 7.37373737374 -0.777777777778
6.79797979798 7.57575757576 -0.777777777778
7.0 7.77777777778 -0.777777777778
7.20202020202 7.9797979798 -0.777777777778
7.40404040404 8.18181818182 -0.777777777778
7.60606060606 8.38383838384 -0.777777777778
7.80808080808 8.58585858586 -0.777777777778
8.0101010101 8.78787878788 -0.777777777778
8.21212121212 8.9898989899 -0.777777777778
8.41414141414 9.19191919192 -0.777777777778
8.61616161616 9.39393939394 -0.777777777778
8.81818181818 9.59595959596 -0.777777777778
9.0202020202 9.79797979798 -0.777777777778
9.22222222222 10.0 -0.777777777778
-10.5555555556 -10.0 -0.555555555556
-10.3535353535 -9.79797979798 -0.555555555556
-10.1515151515 -9.59595959596 -0.555555555556
-9.94949494949 -9.39393939394 -0.555555555556
-9.74747474747 -9.19191919192 -0.555555555556
-9.54545454545 -8.9898989899 -0.555555555556
-9.34343434343 -8.78787878788 -0.555555555556
-9.14141414141 -8.58585858586 -0.555555555556
-8.93939393939 -8.38383838384 -0.555555555556
-8.73737373737 -8.18181818182 -0.555555555556
-8.53535353535 -7.9797979798 -0.555555555556
-8.33333333333 -7.77777777778 -0.555555555556
-8.13131313131 -7.57575757576 -0.555555555556
-7.92929292929 -7.37373737374 -0.555555555556
-7.72727272727 -7.17171717172 -0.555555555556
-7.52525252525 -6.9696969697 -0.555555555556
-7.32323232323 -6.76767676768 -0.555555555556
-7.12121212121 -6.56565656566 -0.555555555556
-6.91919191919 -6.36363636364 -0.555555555556
-6.71717171717 -6.16161616162 -0.555555555556
-6.51515151515 -5.9595959596 -0.555555555556
-6.31313131313 -5.75757575758 -0.555555555556
-6.11111111111 -5.55555555556 -0.555555555556
-5.90909090909 -5.35353535354 -0.555555555556
-5.70707070707 -5.15151515152 -0.555555555556
-5.50505050505 -4.94949494949 -0.555555555556
-5.30303030303 -4.74747474747 -0.555555555556
-5.10101010101 -4.54545454545 -0.555555555556
-4.89898989899 -4.34343434343 -0.555555555556
-4.69696969697 -4.14141414141 -0.555555555556
-4.49494949495 -3.93939393939 -0.555555555556
-4.29292929293 -3.73737373737 -0.555555555556
-4.09090909091 -3.53535353535 -0.555555555556
-3.88888888889 -3.33333333333 -0.555555555556
-3.68686868687 -3.13131313131 -0.555555555556
-3.48484848485 -2.92929292929 -0.555555555556
-3.28282828283 -2.72727272727 -0.555555555556
-3.08080808081 -2.52525252525 -0.555555555556
-2.87878787879 -2.32323232323 -0.555555555556
-2.67676767677 -2.12121212121 -0.555555555556
-2.47474747475 -1.91919191919 -0.555555555556
-2.27272727273 -1.71717171717 -0.555555555556
-2.07070707071 -1.51515151515 -0.555555555556
-1.86868686869 -1.31313131313 -0.555555555556
-1.66666666667 -1.11111111111 -0.555555555556
-1.46464646465 -0.909090909091 -0.555555555556
-1.26262626263 -0.707070707071 -0.555555555556
-1.06060606061 -0.505050505051 -0.555555555556
-0.858585858586 -0.30303030303 -0.555555555556
-0.656565656566 -0.10101010101 -0.555555555556
-0.454545454545 0.10101010101 -0.555555555556
-0.252525252525 0.30303030303 -0.555555555556
-0.0505050505051 0.505050505051 -0.555555555556
0.151515151515 0.707070707071 -0.555555555556
0.353535353535 0.909090909091 -0.555555555556
0.555555555556 1.11111111111 -0.555555555556
0.757575757576 1.31313131313 -0.555555555556
0.959595959596 1.51515151515 -0.555555555556
1.16161616162 1.71717171717 -0.555555555556
1.36363636364 1.91919191919 -0.555555555556
1.56565656566 2.12121212121 -0.555555555556
1.76767676768 2.32323232323 -0.555555555556
1.9696969697 2.52525252525 -0.555555555556
2.17171717172 2.72727272727 -0.555555555556
2.37373737374 2.92929292929 -0.555555555556
2.57575757576 3.13131313131 -0.555555555556
2.77777777778 3.33333333333 -0.555555555556
2.9797979798 3.53535353535 -0.555555555556
3.18181818182 3.73737373737 -0.555555555556
3.38383838384 3.93939393939 -0.555555555556
3.58585858586 4.14141414141 -0.555555555556
3.78787878788 4.34343434343 -0.555555555556
3.9898989899 4.54545454545 -0.555555555556
4.19191919192 4.74747474747 -0.555555555556
4.39393939394 4.94949494949 -0.555555555556
4.59595959596 5.15151515152 -0.555555555556
4.79797979798 5.35353535354 -0.555555555556
5.0 5.55555555556 -0.555555555556
5.20202020202 5.75757575758 -0.555555555556
5.40404040404 5.9595959596 -0.555555555556
5.60606060606 6.16161616162 -0.555555555556
5.80808080808 6.36363636364 -0.555555555556
6.0101010101 6.56565656566 -0.555555555556
6.21212121212 6.76767676768 -0.555555555556
6.41414141414 6.9696969697 -0.555555555556
6.61616161616 7.17171717172 -0.555555555556
6.81818181818 7.37373737374 -0.555555555556
7.0202020202 7.57575757576 -0.555555555556
7.22222222222 7.77777777778 -0.555555555556
7.42424242424 7.9797979798 -0.555555555556
7.62626262626 8.18181818182 -0.555555555556
7.82828282828 8.38383838384 -0.555555555556
8.0303030303 8.58585858586 -0.555555555556
8.23232323232 8.78787878788 -0.555555555556
8.43434343434 8.9898989899 -0.555555555556
8.63636363636 9.19191919192 -0.555555555556
8.83838383838 9.39393939394 -0.555555555556
9.0404040404 9.59595959596 -0.555555555556
9.24242424242 9.79797979798 -0.555555555556
9.44444444444 10.0 -0.555555555556
-10.3333333333 -10.0 -0.333333333333
-10.1313131313 -9.79797979798 -0.333333333333
-9.92929292929 -9.59595959596 -0.333333333333
-9.72727272727 -9.39393939394 -0.333333333333
-9.52525252525 -9.19191919192 -0.333333333333
-9.32323232323 -8.9898989899 -0.333333333333
-9.12121212121 -8.78787878788 -0.333333333333
-8.91919191919 -8.58585858586 -0.333333333333
-8.71717171717 -8.38383838384 -0.333333333333
-8.51515151515 -8.18181818182 -0.333333333333
-8.31313131313 -7.9797979798 -0.333333333333
-8.11111111111 -7.77777777778 -0.333333333333
-7.90909090909 -7.57575757576 -0.333333333333
-7.70707070707 -7.37373737374 -0.333333333333
-7.50505050505 -7.17171717172 -0.333333333333
-7.30303030303 -6.9696969697 -0.333333333333
-7.10101010101 -6.76767676768 -0.333333333333
-6.89898989899 -6.56565656566 -0.333333333333
-6.69696969697 -6.36363636364 -0.333333333333
-6.49494949495 -6.16161616162 -0.333333333333
-6.29292929293 -5.9595959596 -0.333333333333
-6.09090909091 -5.75757575758 -0.333333333333
-5.88888888889 -5.55555555556 -0.333333333333
-5.68686868687 -5.35353535354 -0.333333333333
-5.48484848485 -5.15151515152 -0.333333333333
-5.28282828283 -4.94949494949 -0.333333333333
-5.08080808081 -4.74747474747 -0.333333333333
-4.87878787879 -4.54545454545 -0.333333333333
-4.67676767677 -4.34343434343 -0.333333333333
-4.47474747475 -4.14141414141 -0.333333333333
-4.27272727273 -3.93939393939 -0.333333333333
-4.07070707071 -3.73737373737 -0.333333333333
-3.86868686869 -3.53535353535 -0.333333333333
-3.66666666667 -3.33333333333 -0.333333333333
-3.46464646465 -3.13131313131 -0.333333333333
-3.26262626263 -2.92929292929 -0.333333333333
-3.06060606061 -2.72727272727 -0.333333333333
-2.85858585859 -2.52525252525 -0.333333333333
-2.65656565657 -2.32323232323 -0.333333333333
-2.45454545455 -2.12121212121 -0.333333333333
-2.25252525253 -1.91919191919 -0.333333333333
-2.05050505051 -1.71717171717 -0.333333333333
-1.84848484848 -1.51515151515 -0.333333333333
-1.64646464646 -1.31313131313 -0.333333333333
-1.44444444444 -1.11111111111 -0.333333333333
-1.24242424242 -0.909090909091 -0.333333333333
-1.0404040404 -0.707070707071 -0.333333333333
-0.838383838384 -0.505050505051 -0.333333333333
-0.636363636364 -0.30303030303 -0.333333333333
-0.434343434343 -0.10101010101 -0.333333333333
-0.232323232323 0.10101010101 -0.333333333333
-0.030303030303 0.30303030303 -0.333333333333
0.171717171717 0.505050505051 -0.333333333333
0.373737373737 0.707070707071 -0.333333333333
0.575757575758 0.909090909091 -0.333333333333
0.777777777778 1.11111111111 -0.333333333333
0.979797979798 1.31313131313 -0.333333333333
1.18181818182 1.51515151515 -0.333333333333
1.38383838384 1.71717171717 -0.333333333333
1.58585858586 1.91919191919 -0.333333333333
1.78787878788 2.12121212121 -0.333333333333
1.9898989899 2.32323232323 -0.333333333333
2.19191919192 2.52525252525 -0.333333333333
2.39393939394 2.72727272727 -0.333333333333
2.59595959596 2.92929292929 -0.333333333333
2.79797979798 3.13131313131 -0.333333333333
3.0 3.33333333333 -0.333333333333
3.20202020202 3.53535353535 -0.333333333333
3.40404040404 3.73737373737 -0.333333333333
3.60606060606 3.93939393939 -0.333333333333
3.80808080808 4.14141414141 -0.333333333333
4.0101010101 4.34343434343 -0.333333333333
4.21212121212 4.54545454545 -0.333333333333
4.41414141414 4.74747474747 -0.333333333333
4.61616161616 4.94949494949 -0.333333333333
4.81818181818 5.15151515152 -0.333333333333
5.0202020202 5.35353535354 -0.333333333333
5.22222222222 5.55555555556 -0.333333333333
5.42424242424 5.75757575758 -0.333333333333
5.62626262626 5.9595959596 -0.333333333333
5.82828282828 6.16161616162 -0.333333333333
6.0303030303 6.36363636364 -0.333333333333
6.23232323232 6.56565656566 -0.333333333333
6.43434343434 6.76767676768 -0.333333333333
6.63636363636 6.9696969697 -0.333333333333
6.83838383838 7.17171717172 -0.333333333333
7.0404040404 7.37373737374 -0.333333333333
7.24242424242 7.57575757576 -0.333333333333
7.44444444444 7.77777777778 -0.333333333333
7.64646464646 7.9797979798 -0.333333333333
7.84848484848 8.18181818182 -0.333333333333
8.05050505051 8.38383838384 -0.333333333333
8.25252525253 8.58585858586 -0.333333333333
8.45454545455 8.78787878788 -0.333333333333
8.65656565657 8.9898989899 -0.333333333333
8.85858585859 9.19191919192 -0.333333333333
9.06060606061 9.39393939394 -0.333333333333
9.26262626263 9.59595959596 -0.333333333333
9.46464646465 9.79797979798 -0.333333333333
9.66666666667 10.0 -0.333333333333
-10.1111111111 -10.0 -0.111111111111
-9.90909090909 -9.79797979798 -0.111111111111
-9.70707070707 -9.59595959596 -0.111111111111
-9.50505050505 -9.39393939394 -0.111111111111
-9.30303030303 -9.19191919192 -0.111111111111
-9.10101010101 -8.9898989899 -0.111111111111
-8.89898989899 -8.78787878788 -0.111111111111
-8.69696969697 -8.58585858586 -0.111111111111
-8.49494949495 -8.38383838384 -0.111111111111
-8.29292929293 -8.18181818182 -0.111111111111
-8.09090909091 -7.9797979798 -0.111111111111
-7.88888888889 -7.77777777778 -0.111111111111
-7.68686868687 -7.57575757576 -0.111111111111
-7.48484848485 -7.37373737374 -0.111111111111
-7.28282828283 -7.17171717172 -0.111111111111
-7.08080808081 -6.9696969697 -0.111111111111
-6.87878787879 -6.76767676768 -0.111111111111
-6.67676767677 -6.56565656566 -0.111111111111
-6.47474747475 -6.36363636364 -0.111111111111
-6.27272727273 -6.16161616162 -0.111111111111
-6.07070707071 -5.9595959596 -0.111111111111
-5.86868686869 -5.75757575758 -0.111111111111
-5.66666666667 -5.55555555556 -0.111111111111
-5.46464646465 -5.35353535354 -0.111111111111
-5.26262626263 -5.15151515152 -0.111111111111
-5.06060606061 -4.94949494949 -0.111111111111
-4.85858585859 -4.74747474747 -0.111111111111
-4.65656565657 -4.54545454545 -0.111111111111
-4.45454545455 -4.34343434343 -0.111111111111
-4.25252525253 -4.14141414141 -0.111111111111
-4.05050505051 -3.93939393939 -0.111111111111
-3.84848484848 -3.73737373737 -0.111111111111
-3.64646464646 -3.53535353535 -0.111111111111
-3.44444444444 -3.33333333333 -0.111111111111
-3.24242424242 -3.13131313131 -0.111111111111
-3.0404040404 -2.92929292929 -0.111111111111
-2.83838383838 -2.72727272727 -0.111111111111
-2.63636363636 -2.52525252525 -0.111111111111
-2.43434343434 -2.32323232323 -0.111111111111
-2.23232323232 -2.12121212121 -0.111111111111
-2.0303030303 -1.91919191919 -0.111111111111
-1.82828282828 -1.71717171717 -0.111111111111
-1.62626262626 -1.51515151515 -0.111111111111
-1.42424242424 -1.31313131313 -0.111111111111
-1.22222222222 -1.11111111111 -0.111111111111
-1.0202020202 -0.909090909091 -0.111111111111
-0.818181818182 -0.707070707071 -0.111111111111
-0.616161616162 -0.505050505051 -0.111111111111
-0.414141414141 -0.30303030303 -0.111111111111
-0.212121212121 -0.10101010101 -0.111111111111
-0.010101010101 0.10101010101 -0.111111111111
0.191919191919 0.30303030303 -0.111111111111
0.393939393939 0.505050505051 -0.111111111111
0.59595959596 0.707070707071 -0.111111111111
0.79797979798 0.909090909091 -0.111111111111
1.0 1.11111111111 -0.111111111111
1.20202020202 1.31313131313 -0.111111111111
1.40404040404 1.51515151515 -0.111111111111
1.60606060606 1.71717171717 -0.111111111111
1.80808080808 1.91919191919 -0.111111111111
2.0101010101 2.12121212121 -0.111111111111
2.21212121212 2.32323232323 -0.111111111111
2.41414141414 2.52525252525 -0.111111111111
2.61616161616 2.72727272727 -0.111111111111
2.81818181818 2.92929292929 -0.111111111111
3.0202020202 3.13131313131 -0.111111111111
3.22222222222 3.33333333333 -0.111111111111
3.42424242424 3.53535353535 -0.111111111111
3.62626262626 3.73737373737 -0.111111111111
3.82828282828 3.93939393939 -0.111111111111
4.0303030303 4.14141414141 -0.111111111111
4.23232323232 4.34343434343 -0.111111111111
4.43434343434 4.54545454545 -0.111111111111
4.63636363636 4.74747474747 -0.111111111111
4.83838383838 4.94949494949 -0.111111111111
5.0404040404 5.15151515152 -0.111111111111
5.24242424242 5.35353535354 -0.111111111111
5.44444444444 5.55555555556 -0.111111111111
5.64646464646 5.75757575758 -0.111111111111
5.84848484848 5.9595959596 -0.111111111111
6.05050505051 6.16161616162 -0.111111111111
6.25252525253 6.36363636364 -0.111111111111
6.45454545455 6.56565656566 -0.111111111111
6.65656565657 6.76767676768 -0.111111111111
6.85858585859 6.9696969697 -0.111111111111
7.06060606061 7.17171717172 -0.111111111111
7.26262626263 7.37373737374 -0.111111111111
7.46464646465 7.57575757576 -0.111111111111
7.66666666667 7.77777777778 -0.111111111111
7.86868686869 7.9797979798 -0.111111111111
8.07070707071 8.18181818182 -0.111111111111
8.27272727273 8.38383838384 -0.111111111111
8.47474747475 8.58585858586 -0.111111111111
8.67676767677 8.78787878788 -0.111111111111
8.87878787879 8.9898989899 -0.111111111111
9.08080808081 9.19191919192 -0.111111111111
9.28282828283 9.39393939394 -0.111111111111
9.48484848485 9.59595959596 -0.111111111111
9.68686868687 9.79797979798 -0.111111111111
9.88888888889 10.0 -0.111111111111
-9.88888888889 -10.0 0.111111111111
-9.68686868687 -9.79797979798 0.111111111111
-9.48484848485 -9.59595959596 0.111111111111
-9.28282828283 -9.39393939394 0.111111111111
-9.08080808081 -9.19191919192 0.111111111111
-8.87878787879 -8.9898989899 0.111111111111
-8.67676767677 -8.78787878788 0.111111111111
-8.47474747475 -8.58585858586 0.111111111111
-8.27272727273 -8.38383838384 0.111111111111
-8.07070707071 -8.18181818182 0.111111111111
-7.86868686869 -7.9797979798 0.111111111111
-7.66666666667 -7.77777777778 0.111111111111
-7.46464646465 -7.57575757576 0.111111111111
-7.26262626263 -7.37373737374 0.111111111111
-7.06060606061 -7.17171717172 0.111111111111
-6.85858585859 -6.9696969697 0.111111111111
-6.65656565657 -6.76767676768 0.111111111111
-6.45454545455 -6.56565656566 0.111111111111
-6.25252525253 -6.36363636364 0.111111111111
-6.05050505051 -6.16161616162 0.111111111111
-5.84848484848 -5.9595959596 0.111111111111
-5.64646464646 -5.75757575758 0.111111111111
-5.44444444444 -5.55555555556 0.111111111111
-5.24242424242 -5.35353535354 0.111111111111
-5.0404040404 -5.15151515152 0.111111111111
-4.83838383838 -4.94949494949 0.111111111111
-4.63636363636 -4.74747474747 0.111111111111
-4.43434343434 -4.54545454545 0.111111111111
-4.23232323232 -4.34343434343 0.111111111111
-4.0303030303 -4.14141414141 0.111111111111
-3.82828282828 -3.93939393939 0.111111111111
-3.62626262626 -3.73737373737 0.111111111111
-3.42424242424 -3.53535353535 0.111111111111
-3.22222222222 -3.33333333333 0.111111111111
-3.0202020202 -3.13131313131 0.111111111111
-2.81818181818 -2.92929292929 0.111111111111
-2.61616161616 -2.72727272727 0.111111111111
-2.41414141414 -2.52525252525 0.111111111111
-2.21212121212 -2.32323232323 0.111111111111
-2.0101010101 -2.12121212121 0.111111111111
-1.80808080808 -1.91919191919 0.111111111111
-1.60606060606 -1.71717171717 0.111111111111
-1.40404040404 -1.51515151515 0.111111111111
-1.20202020202 -1.31313131313 0.111111111111
-1.0 -1.11111111111 0.111111111111
-0.79797979798 -0.909090909091 0.111111111111
-0.59595959596 -0.707070707071 0.111111111111
-0.393939393939 -0.505050505051 0.111111111111
-0.191919191919 -0.30303030303 0.111111111111
0.010101010101 -0.10101010101 0.111111111111
0.212121212121 0.10101010101 0.111111111111
0.414141414141 0.30303030303 0.111111111111
0.616161616162 0.505050505051 0.111111111111
0.818181818182 0.707070707071 0.111111111111
1.0202020202 0.909090909091 0.111111111111
1.22222222222 1.11111111111 0.111111111111
1.42424242424 1.31313131313 0.111111111111
1.62626262626 1.51515151515 0.111111111111
1.82828282828 1.71717171717 0.111111111111
2.0303030303 1.91919191919 0.111111111111
2.23232323232 2.12121212121 0.111111111111
2.43434343434 2.32323232323 0.111111111111
2.63636363636 2.52525252525 0.111111111111
2.83838383838 2.72727272727 0.111111111111
3.0404040404 2.92929292929 0.111111111111
3.24242424242 3.13131313131 0.111111111111
3.44444444444 3.33333333333 0.111111111111
3.64646464646 3.53535353535 0.111111111111
3.84848484848 3.73737373737 0.111111111111
4.05050505051 3.93939393939 0.111111111111
4.25252525253 4.14141414141 0.111111111111
4.45454545455 4.34343434343 0.111111111111
4.65656565657 4.54545454545 0.111111111111
4.85858585859 4.74747474747 0.111111111111
5.06060606061 4.94949494949 0.111111111111
5.26262626263 5.15151515152 0.111111111111
5.46464646465 5.35353535354 0.111111111111
5.66666666667 5.55555555556 0.111111111111
5.86868686869 5.75757575758 0.111111111111
6.07070707071 5.9595959596 0.111111111111
6.27272727273 6.16161616162 0.111111111111
6.47474747475 6.36363636364 0.111111111111
6.67676767677 6.56565656566 0.111111111111
6.87878787879 6.76767676768 0.111111111111
7.08080808081 6.9696969697 0.111111111111
7.28282828283 7.17171717172 0.111111111111
7.48484848485 7.37373737374 0.111111111111
7.68686868687 7.57575757576 0.111111111111
7.88888888889 7.77777777778 0.111111111111
8.09090909091 7.9797979798 0.111111111111
8.29292929293 8.18181818182 0.111111111111
8.49494949495 8.38383838384 0.111111111111
8.69696969697 8.58585858586 0.111111111111
8.89898989899 8.78787878788 0.111111111111
9.10101010101 8.9898989899 0.111111111111
9.30303030303 9.19191919192 0.111111111111
9.50505050505 9.39393939394 0.111111111111
9.70707070707 9.59595959596 0.111111111111
9.90909090909 9.79797979798 0.111111111111
10.1111111111 10.0 0.111111111111
-9.66666666667 -10.0 0.333333333333
-9.46464646465 -9.79797979798 0.333333333333
-9.26262626263 -9.59595959596 0.333333333333
-9.06060606061 -9.39393939394 0.333333333333
-8.85858585859 -9.19191919192 0.333333333333
-8.65656565657 -8.9898989899 0.333333333333
-8.45454545455 -8.78787878788 0.333333333333
-8.25252525253 -8.58585858586 0.333333333333
-8.05050505051 -8.38383838384 0.333333333333
-7.84848484848 -8.18181818182 0.333333333333
-7.64646464646 -7.9797979798 0.333333333333
-7.44444444444 -7.77777777778 0.333333333333
-7.24242424242 -7.57575757576 0.333333333333
-7.0404040404 -7.37373737374 0.333333333333
-6.83838383838 -7.17171717172 0.333333333333
-6.63636363636 -6.9696969697 0.333333333333
-6.43434343434 -6.76767676768 0.333333333333
-6.23232323232 -6.56565656566 0.333333333333
-6.0303030303 -6.36363636364 0.333333333333
-5.82828282828 -6.16161616162 0.333333333333
-5.62626262626 -5.9595959596 0.333333333333
-5.42424242424 -5.75757575758 0.333333333333
-5.22222222222 -5.55555555556 0.333333333333
-5.0202020202 -5.35353535354 0.333333333333
-4.81818181818 -5.15151515152 0.333333333333
-4.61616161616 -4.94949494949 0.333333333333
-4.41414141414 -4.74747474747 0.333333333333
-4.21212121212 -4.54545454545 0.333333333333
-4.0101010101 -4.34343434343 0.333333333333
-3.80808080808 -4.14141414141 0.333333333333
-3.60606060606 -3.93939393939 0.333333333333
-3.40404040404 -3.73737373737 0.333333333333
-3.20202020202 -3.53535353535 0.333333333333
-3.0 -3.33333333333 0.333333333333
-2.79797979798 -3.13131313131 0.333333333333
-2.59595959596 -2.92929292929 0.333333333333
-2.39393939394 -2.72727272727 0.333333333333
-2.19191919192 -2.52525252525 0.333333333333
-1.9898989899 -2.32323232323 0.333333333333
-1.78787878788 -2.12121212121 0.333333333333
-1.58585858586 -1.91919191919 0.333333333333
-1.38383838384 -1.71717171717 0.333333333333
-1.18181818182 -1.51515151515 0.333333333333
-0.979797979798 -1.31313131313 0.333333333333
-0.777777777778 -1.11111111111 0.333333333333
-0.575757575758 -0.909090909091 0.333333333333
-0.373737373737 -0.707070707071 0.333333333333
-0.171717171717 -0.505050505051 0.333333333333
0.030303030303 -0.30303030303 0.333333333333
0.232323232323 -0.10101010101 0.333333333333
0.434343434343 0.10101010101 0.333333333333
0.636363636364 0.30303030303 0.333333333333
0.838383838384 0.505050505051 0.333333333333
1.0404040404 0.707070707071 0.333333333333
1.24242424242 0.909090909091 0.333333333333
1.44444444444 1.11111111111 0.333333333333
1.64646464646 1.31313131313 0.333333333333
1.84848484848 1.51515151515 0.333333333333
2.05050505051 1.71717171717 0.333333333333
2.25252525253 1.91919191919 0.333333333333
2.45454545455 2.12121212121 0.333333333333
2.65656565657 2.32323232323 0.333333333333
2.85858585859 2.52525252525 0.333333333333
3.06060606061 2.72727272727 0.333333333333
3.26262626263 2.92929292929 0.333333333333
3.46464646465 3.13131313131 0.333333333333
3.66666666667 3.33333333333 0.333333333333
3.86868686869 3.53535353535 0.333333333333
4.07070707071 3.73737373737 0.333333333333
4.27272727273 3.93939393939 0.333333333333
4.47474747475 4.14141414141 0.333333333333
4.67676767677 4.34343434343 0.333333333333
4.87878787879 4.54545454545 0.333333333333
5.08080808081 4.74747474747 0.333333333333
5.28282828283 4.94949494949 0.333333333333
5.48484848485 5.15151515152 0.333333333333
5.68686868687 5.35353535354 0.333333333333
5.88888888889 5.55555555556 0.333333333333
6.09090909091 5.75757575758 0.333333333333
6.29292929293 5.9595959596 0.333333333333
6.49494949495 6.16161616162 0.333333333333
6.69696969697 6.36363636364 0.333333333333
6.89898989899 6.56565656566 0.333333333333
7.10101010101 6.76767676768 0.333333333333
7.30303030303 6.9696969697 0.333333333333
7.50505050505 7.17171717172 0.333333333333
7.70707070707 7.37373737374 0.333333333333
7.90909090909 7.57575757576 0.333333333333
8.11111111111 7.77777777778 0.333333333333
8.31313131313 7.9797979798 0.333333333333
8.51515151515 8.18181818182 0.333333333333
8.71717171717 8.38383838384 0.333333333333
8.91919191919 8.58585858586 0.333333333333
9.12121212121 8.78787878788 0.333333333333
9.32323232323 8.9898989899 0.333333333333
9.52525252525 9.19191919192 0.333333333333
9.72727272727 9.39393939394 0.333333333333
9.92929292929 9.59595959596 0.333333333333
10.1313131313 9.79797979798 0.333333333333
10.3333333333 10.0 0.333333333333
-9.44444444444 -10.0 0.555555555556
-9.24242424242 -9.79797979798 0.555555555556
-9.0404040404 -9.59595959596 0.555555555556
-8.83838383838 -9.39393939394 0.555555555556
-8.63636363636 -9.19191919192 0.555555555556
-8.43434343434 -8.9898989899 0.555555555556
-8.23232323232 -8.78787878788 0.555555555556
-8.0303030303 -8.58585858586 0.555555555556
-7.82828282828 -8.38383838384 0.555555555556
-7.62626262626 -8.18181818182 0.555555555556
-7.42424242424 -7.9797979798 0.555555555556
-7.22222222222 -7.77777777778 0.555555555556
-7.0202020202 -7.57575757576 0.555555555556
-6.81818181818 -7.37373737374 0.555555555556
-6.61616161616 -7.17171717172 0.555555555556
-6.41414141414 -6.9696969697 0.555555555556
-6.21212121212 -6.76767676768 0.555555555556
-6.0101010101 -6.56565656566 0.555555555556
-5.80808080808 -6.36363636364 0.555555555556
-5.60606060606 -6.16161616162 0.555555555556
-5.40404040404 -5.9595959596 0.555555555556
-5.20202020202 -5.75757575758 0.555555555556
-5.0 -5.55555555556 0.555555555556
-4.79797979798 -5.35353535354 0.555555555556
-4.59595959596 -5.15151515152 0.555555555556
-4.39393939394 -4.94949494949 0.555555555556
-4.19191919192 -4.74747474747 0.555555555556
-3.9898989899 -4.54545454545 0.555555555556
-3.78787878788 -4.34343434343 0.555555555556
-3.58585858586 -4.14141414141 0.555555555556
-3.38383838384 -3.93939393939 0.555555555556
-3.18181818182 -3.73737373737 0.555555555556
-2.9797979798 -3.53535353535 0.555555555556
-2.77777777778 -3.33333333333 0.555555555556
-2.57575757576 -3.13131313131 0.555555555556
-2.37373737374 -2.92929292929 0.555555555556
-2.17171717172 -2.72727272727 0.555555555556
-1.9696969697 -2.52525252525 0.555555555556
-1.76767676768 -2.32323232323 0.555555555556
-1.56565656566 -2.12121212121 0.555555555556
-1.36363636364 -1.91919191919 0.555555555556
-1.16161616162 -1.71717171717 0.555555555556
-0.959595959596 -1.51515151515 0.555555555556
-0.757575757576 -1.31313131313 0.555555555556
-0.555555555556 -1.11111111111 0.555555555556
-0.353535353535 -0.909090909091 0.555555555556
-0.151515151515 -0.707070707071 0.555555555556
0.0505050505051 -0.505050505051 0.555555555556
0.252525252525 -0.30303030303 0.555555555556
0.454545454545 -0.10101010101 0.555555555556
0.656565656566 0.10101010101 0.555555555556
0.858585858586 0.30303030303 0.555555555556
1.06060606061 0.505050505051 0.555555555556
1.26262626263 0.707070707071 0.555555555556
1.46464646465 0.909090909091 0.555555555556
1.66666666667 1.11111111111 0.555555555556
1.86868686869 1.31313131313 0.555555555556
2.07070707071 1.51515151515 0.555555555556
2.27272727273 1.71717171717 0.555555555556
2.47474747475 1.91919191919 0.555555555556
2.67676767677 2.12121212121 0.555555555556
2.87878787879 2.32323232323 0.555555555556
3.08080808081 2.52525252525 0.555555555556
3.28282828283 2.72727272727 0.555555555556
3.48484848485 2.92929292929 0.555555555556
3.68686868687 3.13131313131 0.555555555556
3.88888888889 3.33333333333 0.555555555556
4.09090909091 3.53535353535 0.555555555556
4.29292929293 3.73737373737 0.555555555556
4.49494949495 3.93939393939 0.555555555556
4.69696969697 4.14141414141 0.555555555556
4.89898989899 4.34343434343 0.555555555556
5.10101010101 4.54545454545 0.555555555556
5.30303030303 4.74747474747 0.555555555556
5.50505050505 4.94949494949 0.555555555556
5.70707070707 5.15151515152 0.555555555556
5.90909090909 5.35353535354 0.555555555556
6.11111111111 5.55555555556 0.555555555556
6.31313131313 5.75757575758 0.555555555556
6.51515151515 5.9595959596 0.555555555556
6.71717171717 6.16161616162 0.555555555556
6.91919191919 6.36363636364 0.555555555556
7.12121212121 6.56565656566 0.555555555556
7.32323232323 6.76767676768 0.555555555556
7.52525252525 6.9696969697 0.555555555556
7.72727272727 7.17171717172 0.555555555556
7.92929292929 7.37373737374 0.555555555556
8.13131313131 7.57575757576 0.555555555556
8.33333333333 7.77777777778 0.555555555556
8.53535353535 7.9797979798 0.555555555556
8.73737373737 8.18181818182 0.555555555556
8.93939393939 8.38383838384 0.555555555556
9.14141414141 8.58585858586 0.555555555556
9.34343434343 8.78787878788 0.555555555556
9.54545454545 8.9898989899 0.555555555556
9.74747474747 9.19191919192 0.555555555556
9.94949494949 9.39393939394 0.555555555556
10.1515151515 9.59595959596 0.555555555556
10.3535353535 9.79797979798 0.555555555556
10.5555555556 10.0 0.555555555556
-9.22222222222 -10.0 0.777777777778
-9.0202020202 -9.79797979798 0.777777777778
-8.81818181818 -9.59595959596 0.777777777778
-8.61616161616 -9.39393939394 0.777777777778
-8.41414141414 -9.19191919192 0.777777777778
-8.21212121212 -8.9898989899 0.777777777778
-8.0101010101 -8.78787878788 0.777777777778
-7.80808080808 -8.58585858586 0.777777777778
-7.60606060606 -8.38383838384 0.777777777778
-7.40404040404 -8.18181818182 0.777777777778
-7.20202020202 -7.9797979798 0.777777777778
-7.0 -7.77777777778 0.777777777778
-6.79797979798 -7.57575757576 0.777777777778
-6.59595959596 -7.37373737374 0.777777777778
-6.39393939394 -7.17171717172 0.777777777778
-6.19191919192 -6.9696969697 0.777777777778
-5.9898989899 -6.76767676768 0.777777777778
-5.78787878788 -6.56565656566 0.777777777778
-5.58585858586 -6.36363636364 0.777777777778
-5.38383838384 -6.16161616162 0.777777777778
-5.18181818182 -5.9595959596 0.777777777778
-4.9797979798 -5.75757575758 0.777777777778
-4.77777777778 -5.55555555556 0.777777777778
-4.57575757576 -5.35353535354 0.777777777778
-4.37373737374 -5.15151515152 0.777777777778
-4.17171717172 -4.94949494949 0.777777777778
-3.9696969697 -4.74747474747 0.777777777778
-3.76767676768 -4.54545454545 0.777777777778
-3.56565656566 -4.34343434343 0.777777777778
-3.36363636364 -4.14141414141 0.777777777778
-3.16161616162 -3.93939393939 0.777777777778
-2.9595959596 -3.73737373737 0.777777777778
-2.75757575758 -3.53535353535 0.777777777778
-2.55555555556 -3.33333333333 0.777777777778
-2.35353535354 -3.13131313131 0.777777777778
-2.15151515152 -2.92929292929 0.777777777778
-1.94949494949 -2.72727272727 0.777777777778
-1.74747474747 -2.52525252525 0.777777777778
-1.54545454545 -2.32323232323 0.777777777778
-1.34343434343 -2.12121212121 0.777777777778
-1.14141414141 -1.91919191919 0.777777777778
-0.939393939394 -1.71717171717 0.777777777778
-0.737373737374 -1.51515151515 0.777777777778
-0.535353535354 -1.31313131313 0.777777777778
-0.333333333333 -1.11111111111 0.777777777778
-0.131313131313 -0.909090909091 0.777777777778
0.0707070707071 -0.707070707071 0.777777777778
0.272727272727 -0.505050505051 0.777777777778
0.474747474747 -0.30303030303 0.777777777778
0.676767676768 -0.10101010101 0.777777777778
0.878787878788 0.10101010101 0.777777777778
1.08080808081 0.30303030303 0.777777777778
1.28282828283 0.505050505051 0.777777777778
1.48484848485 0.707070707071 0.777777777778
1.68686868687 0.909090909091 0.777777777778
1.88888888889 1.11111111111 0.777777777778
2.09090909091 1.31313131313 0.777777777778
2.29292929293 1.51515151515 0.777777777778
2.49494949495 1.71717171717 0.777777777778
2.69696969697 1.91919191919 0.777777777778
2.89898989899 2.12121212121 0.777777777778
3.10101010101 2.32323232323 0.777777777778
3.30303030303 2.52525252525 0.777777777778
3.50505050505 2.72727272727 0.777777777778
3.70707070707 2.92929292929 0.777777777778
3.90909090909 3.13131313131 0.777777777778
4.11111111111 3.33333333333 0.777777777778
4.31313131313 3.53535353535 0.777777777778
4.51515151515 3.73737373737 0.777777777778
4.71717171717 3.93939393939 0.777777777778
4.91919191919 4.14141414141 0.777777777778
5.12121212121 4.34343434343 0.777777777778
5.32323232323 4.54545454545 0.777777777778
5.52525252525 4.74747474747 0.777777777778
5.72727272727 4.94949494949 0.777777777778
5.92929292929 5.15151515152 0.777777777778
6.13131313131 5.35353535354 0.777777777778
6.33333333333 5.55555555556 0.777777777778
6.53535353535 5.75757575758 0.777777777778
6.73737373737 5.9595959596 0.777777777778
6.93939393939 6.16161616162 0.777777777778
7.14141414141 6.36363636364 0.777777777778
7.34343434343 6.56565656566 0.777777777778
7.54545454545 6.76767676768 0.777777777778
7.74747474747 6.9696969697 0.777777777778
7.94949494949 7.17171717172 0.777777777778
8.15151515152 7.37373737374 0.777777777778
8.35353535354 7.57575757576 0.777777777778
8.55555555556 7.77777777778 0.777777777778
8.75757575758 7.9797979798 0.777777777778
8.9595959596 8.18181818182 0.777777777778
9.16161616162 8.38383838384 0.777777777778
9.36363636364 8.58585858586 0.777777777778
9.56565656566 8.78787878788 0.777777777778
9.76767676768 8.9898989899 0.777777777778
9.9696969697 9.19191919192 0.777777777778
10.1717171717 9.39393939394 0.777777777778
10.3737373737 9.59595959596 0.777777777778
10.5757575758 9.79797979798 0.777777777778
10.7777777778 10.0 0.777777777778
-9.0 -10.0 1.0
-8.79797979798 -9.79797979798 1.0
-8.59595959596 -9.59595959596 1.0
-8.39393939394 -9.39393939394 1.0
-8.19191919192 -9.19191919192 1.0
-7.9898989899 -8.9898989899 1.0
-7.78787878788 -8.78787878788 1.0
-7.58585858586 -8.58585858586 1.0
-7.38383838384 -8.38383838384 1.0
-7.18181818182 -8.18181818182 1.0
-6.9797979798 -7.9797979798 1.0
-6.77777777778 -7.77777777778 1.0
-6.57575757576 -7.57575757576 1.0
-6.37373737374 -7.37373737374 1.0
-6.17171717172 -7.17171717172 1.0
-5.9696969697 -6.9696969697 1.0
-5.76767676768 -6.76767676768 1.0
-5.56565656566 -6.56565656566 1.0
-5.36363636364 -6.36363636364 1.0
-5.16161616162 -6.16161616162 1.0
-4.9595959596 -5.9595959596 1.0
-4.75757575758 -5.75757575758 1.0
-4.55555555556 -5.55555555556 1.0
-4.35353535354 -5.35353535354 1.0
-4.15151515152 -5.15151515152 1.0
-3.94949494949 -4.94949494949 1.0
-3.74747474747 -4.74747474747 1.0
-3.54545454545 -4.54545454545 1.0
-3.34343434343 -4.34343434343 1.0
-3.14141414141 -4.14141414141 1.0
-2.93939393939 -3.93939393939 1.0
-2.73737373737 -3.73737373737 1.0
-2.53535353535 -3.53535353535 1.0
-2.33333333333 -3.33333333333 1.0
-2.13131313131 -3.13131313131 1.0
-1.92929292929 -2.92929292929 1.0
-1.72727272727 -2.72727272727 1.0
-1.52525252525 -2.52525252525 1.0
-1.32323232323 -2.32323232323 1.0
-1.12121212121 -2.12121212121 1.0
-0.919191919192 -1.91919191919 1.0
-0.717171717172 -1.71717171717 1.0
-0.515151515152 -1.51515151515 1.0
-0.313131313131 -1.31313131313 1.0
-0.111111111111 -1.11111111111 1.0
0.0909090909091 -0.909090909091 1.0
0.292929292929 -0.707070707071 1.0
0.494949494949 -0.505050505051 1.0
0.69696969697 -0.30303030303 1.0
0.89898989899 -0.10101010101 1.0
1.10101010101 0.10101010101 1.0
1.30303030303 0.30303030303 1.0
1.50505050505 0.505050505051 1.0
1.70707070707 0.707070707071 1.0
1.90909090909 0.909090909091 1.0
2.11111111111 1.11111111111 1.0
2.31313131313 1.31313131313 1.0
2.51515151515 1.51515151515 1.0
2.71717171717 1.71717171717 1.0
2.91919191919 1.91919191919 1.0
3.12121212121 2.12121212121 1.0
3.32323232323 2.32323232323 1.0
3.52525252525 2.52525252525 1.0
3.72727272727 2.72727272727 1.0
3.92929292929 2.92929292929 1.0
4.13131313131 3.13131313131 1.0
4.33333333333 3.33333333333 1.0
4.53535353535 3.53535353535 1.0
4.73737373737 3.73737373737 1.0
4.93939393939 3.93939393939 1.0
5.14141414141 4.14141414141 1.0
5.34343434343 4.34343434343 1.0
5.54545454545 4.54545454545 1.0
5.74747474747 4.74747474747 1.0
5.94949494949 4.94949494949 1.0
6.15151515152 5.15151515152 1.0
6.35353535354 5.35353535354 1.0
6.55555555556 5.55555555556 1.0
6.75757575758 5.75757575758 1.0
6.9595959596 5.9595959596 1.0
7.16161616162 6.16161616162 1.0
7.36363636364 6.36363636364 1.0
7.56565656566 6.56565656566 1.0
7.76767676768 6.76767676768 1.0
7.9696969697 6.9696969697 1.0
8.17171717172 7.17171717172 1.0
8.37373737374 7.37373737374 1.0
8.57575757576 7.57575757576 1.0
8.77777777778 7.77777777778 1.0
8.9797979798 7.9797979798 1.0
9.18181818182 8.18181818182 1.0
9.38383838384 8.38383838384 1.0
9.58585858586 8.58585858586 1.0
9.78787878788 8.78787878788 1.0
9.9898989899 8.9898989899 1.0
10.1919191919 9.19191919192 1.0
10.3939393939 9.39393939394 1.0
10.595959596 9.59595959596 1.0
10.797979798 9.79797979798 1.0
11.0 10.0 1.0
