0.999990206551 -10.0 -1.0
0.980541642958 -9.79797979798 -1.0
0.921210971784 -9.59595959596 -1.0
0.824411381931 -9.39393939394 -1.0
0.694080056162 -9.19191919192 -1.0
0.535518031913 -8.9898989899 -1.0
0.355174589287 -8.78787878788 -1.0
0.160384935956 -8.58585858586 -1.0
-0.0409281417668 -8.38383838384 -1.0
-0.240576526751 -8.18181818182 -1.0
-0.430439810826 -7.9797979798 -1.0
-0.602795580594 -7.77777777778 -1.0
-0.750633515381 -7.57575757576 -1.0
-0.867940521848 -7.37373737374 -1.0
-0.949945307839 -7.17171717172 -1.0
-0.993312447753 -6.9696969697 -1.0
-0.996278046144 -6.76767676768 -1.0
-0.958721481604 -6.56565656566 -1.0
-0.882170312862 -6.36363636364 -1.0
-0.769738147555 -6.16161616162 -1.0
-0.625998000755 -5.9595959596 -1.0
-0.456796294224 -5.75757575758 -1.0
-0.269015061693 -5.55555555556 -1.0
-0.0702920321376 -5.35353535354 -1.0
0.131290023761 -5.15151515152 -1.0
0.327532048577 -4.94949494949 -1.0
0.510452182892 -4.74747474747 -1.0
0.672610415845 -4.54545454545 -1.0
0.807411196764 -4.34343434343 -1.0
0.909371699614 -4.14141414141 -1.0
0.97434482899 -3.93939393939 -1.0
0.999687897195 -3.73737373737 -1.0
0.984370111728 -3.53535353535 -1.0
0.929014501271 -3.33333333333 -1.0
0.835872574903 -3.13131313131 -1.0
0.708732745238 -2.92929292929 -1.0
0.552766240239 -2.72727272727 -1.0
0.374316771035 -2.52525252525 -1.0
0.180642510677 -2.32323232323 -1.0
-0.0203791215099 -2.12121212121 -1.0
-0.22057186252 -1.91919191919 -1.0
-0.411793163292 -1.71717171717 -1.0
-0.586265375071 -1.51515151515 -1.0
-0.736892093976 -1.31313131313 -1.0
-0.857546796925 -1.11111111111 -1.0
-0.943322029067 -0.909090909091 -1.0
-0.990729007379 -0.707070707071 -1.0
-0.997839521854 -0.505050505051 -1.0
-0.964364362641 -0.30303030303 -1.0
-0.891665083233 -0.10101010101 -1.0
-0.782698621262 0.10101010101 -1.0
-0.641897029349 0.30303030303 -1.0
-0.474987207801 0.505050505051 -1.0
-0.288757971257 0.707070707071 -1.0
-0.0907839235089 0.909090909091 -1.0
0.11088262851 1.11111111111 -1.0
0.308039190616 1.31313131313 -1.0
0.492666705916 1.51515151515 -1.0
0.657255718305 1.71717171717 -1.0
0.795111808686 1.91919191919 -1.0
0.900627880751 2.12121212121 -1.0
0.969512221478 2.32323232323 -1.0
0.998963060327 2.52525252525 -1.0
0.987782527192 2.72727272727 -1.0
0.936425374022 2.92929292929 -1.0
0.846980478453 3.13131313131 -1.0
0.723085881738 3.33333333333 -1.0
0.569780816704 3.53535353535 -1.0
0.393300744272 3.73737373737 -1.0
0.200823735139 3.93939393939 -1.0
0.000178512174703 4.14141414141 -1.0
-0.200473971513 4.34343434343 -1.0
-0.392972467497 4.54545454545 -1.0
-0.569487378962 4.74747474747 -1.0
-0.722839218182 4.94949494949 -1.0
-0.846790621765 5.15151515152 -1.0
-0.936300046348 5.35353535354 -1.0
-0.987726826052 5.55555555556 -1.0
-0.998979251285 5.75757575758 -1.0
-0.96959964599 5.9595959596 -1.0
-0.900782982952 6.16161616162 -1.0
-0.795328280019 6.36363636364 -1.0
-0.657524754112 6.56565656566 -1.0
-0.492977363558 6.76767676768 -1.0
-0.308378834543 6.9696969697 -1.0
-0.111237444199 7.17171717172 -1.0
0.0904283676706 7.37373737374 -1.0
0.288416136987 7.57575757576 -1.0
0.474672998712 7.77777777778 -1.0
0.641623225439 7.9797979798 -1.0
0.782476359108 8.18181818182 -1.0
0.891503403026 8.38383838384 -1.0
0.964269840488 8.58585858586 -1.0
0.997816002307 8.78787878788 -1.0
0.99077744706 8.9898989899 -1.0
0.943440457763 9.19191919192 -1.0
0.857730397721 9.39393939394 -1.0
0.737133399176 9.59595959596 -1.0
0.586554569936 9.79797979798 -1.0
0.412118485242 10.0 -1.0
0.97637594661 -10.0 -0.777777777778
0.913163662651 -9.79797979798 -0.777777777778
0.812809772627 -9.59595959596 -0.777777777778
0.679396025301 -9.39393939394 -0.777777777778
0.518348831128 -9.19191919192 -0.777777777778
0.336218550891 -8.9898989899 -0.777777777778
0.140413069286 -8.78787878788 -0.777777777778
-0.0611035100326 -8.58585858586 -0.777777777778
-0.260134792803 -8.38383838384 -0.777777777778
-0.448585470592 -8.18181818182 -0.777777777778
-0.61879058571 -7.9797979798 -0.777777777778
-0.763827292238 -7.77777777778 -0.777777777778
-0.877796432731 -7.57575757576 -0.777777777778
-0.956062477882 -7.37373737374 -0.777777777778
-0.995442069948 -7.17171717172 -0.777777777778
-0.9943335012 -6.9696969697 -0.777777777778
-0.952781861062 -6.76767676768 -0.777777777778
-0.872477202165 -6.56565656566 -0.777777777778
-0.756685799905 -6.36363636364 -0.777777777778
-0.610117301442 -6.16161616162 -0.777777777778
-0.438733167633 -5.9595959596 -0.777777777778
-0.24950419927 -5.75757575758 -0.777777777778
-0.0501270098822 -5.55555555556 -0.777777777778
0.151289022848 -5.35353535354 -0.777777777778
0.346551594246 -5.15151515152 -0.777777777778
0.527718682741 -4.94949494949 -0.777777777778
0.687421580062 -4.74747474747 -0.777777777778
0.81916460275 -4.54545454545 -0.777777777778
0.917589294647 -4.34343434343 -0.777777777778
0.978692374324 -4.14141414141 -0.777777777778
0.999988562736 -3.93939393939 -0.777777777778
0.980611668342 -3.73737373737 -0.777777777778
0.921349818185 -3.53535353535 -0.777777777778
0.824613401973 -3.33333333333 -0.777777777778
0.694337032974 -3.13131313131 -0.777777777778
0.535819513336 -2.92929292929 -0.777777777778
0.355508313002 -2.72727272727 -0.777777777778
0.160737328235 -2.52525252525 -0.777777777778
-0.0405714139679 -2.32323232323 -0.777777777778
-0.240229972817 -2.12121212121 -0.777777777778
-0.430117526336 -1.91919191919 -0.777777777778
-0.602510674001 -1.71717171717 -0.777777777778
-0.750397574846 -1.51515151515 -0.777777777778
-0.867763143912 -1.31313131313 -0.777777777778
-0.94983370709 -1.11111111111 -0.777777777778
-0.99327116339 -0.909090909091 -0.777777777778
-0.996308757349 -0.707070707071 -0.777777777778
-0.958822939242 -0.505050505051 -0.777777777778
-0.882338390292 -0.30303030303 -0.777777777778
-0.769966008472 -0.10101010101 -0.777777777778
-0.626276377247 0.10101010101 -0.777777777778
-0.45711386373 0.30303030303 -0.777777777778
-0.269358907536 0.505050505051 -0.777777777778
-0.0706481688859 0.707070707071 -0.777777777778
0.130936081452 0.909090909091 -0.777777777778
0.327194696796 1.11111111111 -0.777777777778
0.510145142935 1.31313131313 -0.777777777778
0.672346176114 1.51515151515 -0.777777777778
0.807200504827 1.71717171717 -0.777777777778
0.909223125061 1.91919191919 -0.777777777778
0.974264414874 2.12121212121 -0.777777777778
0.999678914243 2.32323232323 -0.777777777778
0.984432925309 2.52525252525 -0.777777777778
0.929146556534 2.72727272727 -0.777777777778
0.836068500692 2.92929292929 -0.777777777778
0.708984572556 3.13131313131 -0.777777777778
0.553063726375 3.33333333333 -0.777777777778
0.374647816173 3.53535353535 -0.777777777778
0.180993650037 3.73737373737 -0.777777777778
-0.0200221700127 3.93939393939 -0.777777777778
-0.220223617369 4.14141414141 -0.777777777778
-0.411467788853 4.34343434343 -0.777777777778
-0.585976105477 4.54545454545 -0.777777777778
-0.736650694847 4.74747474747 -0.777777777778
-0.857363086821 4.94949494949 -0.777777777778
-0.943203480129 5.15151515152 -0.777777777778
-0.990680441414 5.35353535354 -0.777777777778
-0.997862914211 5.55555555556 -0.777777777778
-0.96445876187 5.75757575758 -0.777777777778
-0.891826649782 5.9595959596 -0.777777777778
-0.782920783647 6.16161616162 -0.777777777778
-0.642170751438 6.36363636364 -0.777777777778
-0.475301356345 6.56565656566 -0.777777777778
-0.28909976872 6.76767676768 -0.777777777778
-0.0911394677752 6.9696969697 -0.777777777778
0.110527798687 7.17171717172 -0.777777777778
0.307699507424 7.37373737374 -0.777777777778
0.492355985476 7.57575757576 -0.777777777778
0.656986598719 7.77777777778 -0.777777777778
0.794895236003 7.9797979798 -0.777777777778
0.900472663751 8.18181818182 -0.777777777778
0.969424673386 8.38383838384 -0.777777777778
0.998946742035 8.58585858586 -0.777777777778
0.987838102422 8.78787878788 -0.777777777778
0.936550582334 8.9898989899 -0.777777777778
0.847170227179 9.19191919192 -0.777777777778
0.723332453125 9.39393939394 -0.777777777778
0.570074181819 9.59595959596 -0.777777777778
0.393628970914 9.79797979798 -0.777777777778
0.201173473166 10.0 -0.777777777778
0.904743684359 -10.0 -0.555555555556
0.800876449364 -9.79797979798 -0.555555555556
0.664434727663 -9.59595959596 -0.555555555556
0.500968088173 -9.39393939394 -0.555555555556
0.317125299102 -9.19191919192 -0.555555555556
0.120383898956 -8.9898989899 -0.555555555556
-0.0812539414831 -8.78787878788 -0.555555555556
-0.279586895833 -8.58585858586 -0.555555555556
-0.466548059155 -8.38383838384 -0.555555555556
-0.634533057598 -8.18181818182 -0.555555555556
-0.776709345265 -7.9797979798 -0.555555555556
-0.887294108095 -7.77777777778 -0.555555555556
-0.961789471428 -7.57575757576 -0.555555555556
-0.997165444529 -7.37373737374 -0.555555555556
-0.991983161058 -7.17171717172 -0.555555555556
-0.946453402869 -6.9696969697 -0.555555555556
-0.862428026768 -6.76767676768 -0.555555555556
-0.743324642924 -6.56565656566 -0.555555555556
-0.593987608536 -6.36363636364 -0.555555555556
-0.42049099064 -6.16161616162 -0.555555555556
-0.229891512252 -5.9595959596 -0.555555555556
-0.029941530406 -5.75757575758 -0.555555555556
0.171226279714 -5.55555555556 -0.555555555556
0.365429709528 -5.35353535354 -0.555555555556
0.54476981651 -5.15151515152 -0.555555555556
0.701952202211 -4.94949494949 -0.555555555556
0.830583701321 -4.74747474747 -0.555555555556
0.925432414387 -4.54545454545 -0.555555555556
0.982640507725 -4.34343434343 -0.555555555556
0.999881125205 -4.14141414141 -0.555555555556
0.976453029744 -3.93939393939 -0.555555555556
0.913309125107 -3.73737373737 -0.555555555556
0.813017697931 -3.53535353535 -0.555555555556
0.679657956393 -3.33333333333 -0.555555555556
0.518654114341 -3.13131313131 -0.555555555556
0.336554769274 -2.92929292929 -0.555555555556
0.140766547644 -2.72727272727 -0.555555555556
-0.0607471489179 -2.52525252525 -0.555555555556
-0.259790043403 -2.32323232323 -0.555555555556
-0.448266355087 -2.12121212121 -0.555555555556
-0.618510083661 -1.91919191919 -0.555555555556
-0.763596812658 -1.71717171717 -0.555555555556
-0.877625350043 -1.51515151515 -0.555555555556
-0.955957750625 -1.31313131313 -0.555555555556
-0.995407957752 -1.11111111111 -0.555555555556
-0.994371391528 -0.909090909091 -0.555555555556
-0.952890212781 -0.707070707071 -0.555555555556
-0.872651608225 -0.505050505051 -0.555555555556
-0.756919166594 -0.30303030303 -0.555555555556
-0.610400136908 -0.10101010101 -0.555555555556
-0.439053967954 0.10101010101 -0.555555555556
-0.249849916359 0.30303030303 -0.555555555556
-0.0504835821984 0.505050505051 -0.555555555556
0.150936098366 0.707070707071 -0.555555555556
0.346216672288 0.909090909091 -0.555555555556
0.527415385772 1.11111111111 -0.555555555556
0.687162244246 1.31313131313 -0.555555555556
0.818959776194 1.51515151515 -0.555555555556
0.917447308375 1.71717171717 -0.555555555556
0.978619003421 1.91919191919 -0.555555555556
0.999986791457 2.12121212121 -0.555555555556
0.98068156873 2.32323232323 -0.555555555556
0.921488547145 2.52525252525 -0.555555555556
0.824815316905 2.72727272727 -0.555555555556
0.694593921281 2.92929292929 -0.555555555556
0.536120926459 3.13131313131 -0.555555555556
0.355841991401 3.33333333333 -0.555555555556
0.161089700025 3.53535353535 -0.555555555556
-0.0402146809976 3.73737373737 -0.555555555556
-0.239883388262 3.93939393939 -0.555555555556
-0.42979518702 4.14141414141 -0.555555555556
-0.602225690608 4.34343434343 -0.555555555556
-0.750161538662 4.54545454545 -0.555555555556
-0.867585655364 4.74747474747 -0.555555555556
-0.949721985269 4.94949494949 -0.555555555556
-0.993229752419 5.15151515152 -0.555555555556
-0.996339341558 5.35353535354 -0.555555555556
-0.958924274663 5.55555555556 -0.555555555556
-0.882506355254 5.75757575758 -0.555555555556
-0.770193771244 5.9595959596 -0.555555555556
-0.626554673909 6.16161616162 -0.555555555556
-0.45743137497 6.36363636364 -0.555555555556
-0.269702719044 6.56565656566 -0.555555555556
-0.071004296629 6.76767676768 -0.555555555556
0.130582122453 6.9696969697 -0.555555555556
0.326857303309 7.17171717172 -0.555555555556
0.50983803795 7.37373737374 -0.555555555556
0.672081850682 7.57575757576 -0.555555555556
0.80698971 7.77777777778 -0.555555555556
0.909074434612 7.9797979798 -0.555555555556
0.974183876572 8.18181818182 -0.555555555556
0.999669803866 8.38383838384 -0.555555555556
0.984495613409 8.58585858586 -0.555555555556
0.929278493362 8.78787878788 -0.555555555556
0.836264319911 8.9898989899 -0.555555555556
0.709236309502 9.19191919192 -0.555555555556
0.553361142015 9.39393939394 -0.555555555556
0.374978813556 9.59595959596 -0.555555555556
0.181344766325 9.79797979798 -0.555555555556
-0.0196652159634 10.0 -0.555555555556
0.788616282223 -10.0 -0.333333333333
0.64920226907 -9.79797979798 -0.333333333333
0.483382896264 -9.59595959596 -0.333333333333
0.297902626024 -9.39393939394 -0.333333333333
0.100305599025 -9.19191919192 -0.333333333333
-0.101371212571 -8.9898989899 -0.333333333333
-0.298924897287 -8.78787878788 -0.333333333333
-0.484320245844 -8.58585858586 -0.333333333333
-0.650016571634 -8.38383838384 -0.333333333333
-0.789274417196 -8.18181818182 -0.333333333333
-0.896429671865 -7.9797979798 -0.333333333333
-0.967123951247 -7.77777777778 -0.333333333333
-0.998481868174 -7.57575757576 -0.333333333333
-0.989227984909 -7.37373737374 -0.333333333333
-0.939738689716 -7.17171717172 -0.333333333333
-0.852026887819 -6.9696969697 -0.333333333333
-0.729660129403 -6.76767676768 -0.333333333333
-0.577615504689 -6.56565656566 -0.333333333333
-0.402077208019 -6.36363636364 -0.333333333333
-0.210185004729 -6.16161616162 -0.333333333333
-0.00974383155956 -5.9595959596 -0.333333333333
0.19109365781 -5.75757575758 -0.333333333333
0.384158690116 -5.55555555556 -0.333333333333
0.5615986255 -5.35353535354 -0.333333333333
0.716196352232 -5.15151515152 -0.333333333333
0.841663832254 -4.94949494949 -0.333333333333
0.932897857995 -4.74747474747 -0.333333333333
0.986187617929 -4.54545454545 -0.333333333333
0.999365628447 -4.34343434343 -0.333333333333
0.971895893106 -4.14141414141 -0.333333333333
0.904895703506 -3.93939393939 -0.333333333333
0.801090195074 -3.73737373737 -0.333333333333
0.664701506139 -3.53535353535 -0.333333333333
0.501277048588 -3.33333333333 -0.333333333333
0.31746387494 -3.13131313131 -0.333333333333
0.120738319137 -2.92929292929 -0.333333333333
-0.0808980924861 -2.72727272727 -0.333333333333
-0.279244091661 -2.52525252525 -0.333333333333
-0.46623224287 -2.32323232323 -0.333333333333
-0.634257074569 -2.12121212121 -0.333333333333
-0.7764844207 -1.91919191919 -0.333333333333
-0.887129390475 -1.71717171717 -0.333333333333
-0.961691660404 -1.51515151515 -0.333333333333
-0.997138518421 -1.31313131313 -0.333333333333
-0.992028215046 -1.11111111111 -0.333333333333
-0.946568604448 -0.909090909091 -0.333333333333
-0.862608690282 -0.707070707071 -0.333333333333
-0.743563420145 -0.505050505051 -0.333333333333
-0.594274787548 -0.30303030303 -0.333333333333
-0.420814890854 -0.10101010101 -0.333333333333
-0.230238959498 0.10101010101 -0.333333333333
-0.0302983927703 0.30303030303 -0.333333333333
0.17087451709 0.505050505051 -0.333333333333
0.365097354077 0.707070707071 -0.333333333333
0.544470386308 0.909090909091 -0.333333333333
0.701697876147 1.11111111111 -0.333333333333
0.830384823738 1.31313131313 -0.333333333333
0.925297074342 1.51515151515 -0.333333333333
0.982574209978 1.71717171717 -0.333333333333
0.999886566321 1.91919191919 -0.333333333333
0.976529988412 2.12121212121 -0.333333333333
0.913454471147 2.32323232323 -0.333333333333
0.813225519602 2.52525252525 -0.333333333333
0.679919800851 2.72727272727 -0.333333333333
0.518959331443 2.92929292929 -0.333333333333
0.336890944758 3.13131313131 -0.333333333333
0.14112000806 3.33333333333 -0.333333333333
-0.0603907800599 3.53535353535 -0.333333333333
-0.259445260888 3.73737373737 -0.333333333333
-0.447947182444 3.93939393939 -0.333333333333
-0.618229502773 4.14141414141 -0.333333333333
-0.763366235746 4.34343434343 -0.333333333333
-0.877454155487 4.54545454545 -0.333333333333
-0.955852901516 4.74747474747 -0.333333333333
-0.995373718674 4.94949494949 -0.333333333333
-0.994409155107 5.15151515152 -0.333333333333
-0.952998443038 5.35353535354 -0.333333333333
-0.872825903051 5.55555555556 -0.333333333333
-0.757152436801 5.75757575758 -0.333333333333
-0.610682894568 5.9595959596 -0.333333333333
-0.43937471231 6.16161616162 -0.333333333333
-0.2501956016 6.36363636364 -0.333333333333
-0.0508401480797 6.56565656566 -0.333333333333
0.150583154644 6.76767676768 -0.333333333333
0.3458817062 6.9696969697 -0.333333333333
0.527112021575 7.17171717172 -0.333333333333
0.68690282084 7.37373737374 -0.333333333333
0.818754845249 7.57575757576 -0.333333333333
0.91730520516 7.77777777778 -0.333333333333
0.978545507777 7.9797979798 -0.333333333333
0.999984892713 8.18181818182 -0.333333333333
0.980751344115 8.38383838384 -0.333333333333
0.921627158646 8.58585858586 -0.333333333333
0.8250171267 8.78787878788 -0.333333333333
0.694850721051 8.9898989899 -0.333333333333
0.536422271246 9.19191919192 -0.333333333333
0.356175624442 9.39393939394 -0.333333333333
0.161442051282 9.59595959596 -0.333333333333
-0.0398579429012 9.79797979798 -0.333333333333
-0.23953677313 10.0 -0.333333333333
0.633704866006 -10.0 -0.111111111111
0.465600432053 -9.79797979798 -0.111111111111
0.278558376578 -9.59595959596 -0.111111111111
0.0801863636022 -9.39393939394 -0.111111111111
-0.121447113283 -9.19191919192 -0.111111111111
-0.318140905176 -8.9898989899 -0.111111111111
-0.501894777691 -8.78787878788 -0.111111111111
-0.665234808875 -8.58585858586 -0.111111111111
-0.801517380129 -8.38383838384 -0.111111111111
-0.905199395748 -8.18181818182 -0.111111111111
-0.972063740295 -7.9797979798 -0.111111111111
-0.999390803641 -7.77777777778 -0.111111111111
-0.986069097163 -7.57575757576 -0.111111111111
-0.93264046193 -7.37373737374 -0.111111111111
-0.841278030102 -7.17171717172 -0.111111111111
-0.715697835935 -6.9696969697 -0.111111111111
-0.561007671483 -6.76767676768 -0.111111111111
-0.383499334577 -6.56565656566 -0.111111111111
-0.190392719078 -6.36363636364 -0.111111111111
0.01045784382 -6.16161616162 -0.111111111111
0.210883049105 -5.9595959596 -0.111111111111
0.40273089257 -5.75757575758 -0.111111111111
0.578198241744 -5.55555555556 -0.111111111111
0.730148216979 -5.35353535354 -0.111111111111
0.852400473664 -5.15151515152 -0.111111111111
0.939982578766 -4.94949494949 -0.111111111111
0.989332257332 -4.74747474747 -0.111111111111
0.998442282841 -4.54545454545 -0.111111111111
0.966942118232 -4.34343434343 -0.111111111111
0.896112986964 -4.14141414141 -0.111111111111
0.788835761107 -3.93939393939 -0.111111111111
0.649473786056 -3.73737373737 -0.111111111111
0.483695407792 -3.53535353535 -0.111111111111
0.298243421142 -3.33333333333 -0.111111111111
0.100660816386 -3.13131313131 -0.111111111111
-0.101016020917 -2.92929292929 -0.111111111111
-0.298584178244 -2.72727272727 -0.111111111111
-0.484007857665 -2.52525252525 -0.111111111111
-0.649745220255 -2.32323232323 -0.111111111111
-0.789055139441 -2.12121212121 -0.111111111111
-0.896271386537 -1.91919191919 -0.111111111111
-0.967033096372 -1.71717171717 -0.111111111111
-0.998462139143 -1.51515151515 -0.111111111111
-0.989280184171 -1.31313131313 -0.111111111111
-0.939860694142 -1.11111111111 -0.111111111111
-0.852213735056 -0.909090909091 -0.111111111111
-0.72990421971 -0.707070707071 -0.111111111111
-0.577906910048 -0.505050505051 -0.111111111111
-0.402404075941 -0.30303030303 -0.111111111111
-0.210534040335 -0.10101010101 -0.111111111111
-0.0101008383335 0.10101010101 -0.111111111111
0.190743200601 0.30303030303 -0.111111111111
0.383829036809 0.505050505051 -0.111111111111
0.561303184265 0.707070707071 -0.111111111111
0.715947139713 0.909090909091 -0.111111111111
0.841470984808 1.11111111111 -0.111111111111
0.932769219411 1.31313131313 -0.111111111111
0.986128420395 1.51515151515 -0.111111111111
0.999378279737 1.71717171717 -0.111111111111
0.971979878648 1.91919191919 -0.111111111111
0.905047607309 2.12121212121 -0.111111111111
0.801303838671 2.32323232323 -0.111111111111
0.664968199888 2.52525252525 -0.111111111111
0.501585945108 2.72727272727 -0.111111111111
0.317802410313 2.92929292929 -0.111111111111
0.121092723927 3.13131313131 -0.111111111111
-0.0805422331774 3.33333333333 -0.111111111111
-0.278901251895 3.53535353535 -0.111111111111
-0.465916367156 3.73737373737 -0.111111111111
-0.633981010693 3.93939393939 -0.111111111111
-0.77625939716 4.14141414141 -0.111111111111
-0.886964559777 4.34343434343 -0.111111111111
-0.961593726796 4.54545454545 -0.111111111111
-0.997111465211 4.74747474747 -0.111111111111
-0.992073142584 4.94949494949 -0.111111111111
-0.946683685372 5.15151515152 -0.111111111111
-0.862789243842 5.35353535354 -0.111111111111
-0.743802102588 5.55555555556 -0.111111111111
-0.594561890811 5.75757575758 -0.111111111111
-0.421138737429 5.9595959596 -0.111111111111
-0.230586377395 6.16161616162 -0.111111111111
-0.0306552512725 6.36363636364 -0.111111111111
0.170522732684 6.56565656566 -0.111111111111
0.364764952088 6.76767676768 -0.111111111111
0.544170886705 6.9696969697 -0.111111111111
0.70144346064 7.17171717172 -0.111111111111
0.830185840309 7.37373737374 -0.111111111111
0.925161616353 7.57575757576 -0.111111111111
0.982507786986 7.77777777778 -0.111111111111
0.999891879984 7.9797979798 -0.111111111111
0.976606822606 8.18181818182 -0.111111111111
0.913599700752 8.38383838384 -0.111111111111
0.813433237615 8.58585858586 -0.111111111111
0.680181558643 8.78787878788 -0.111111111111
0.519264482396 8.9898989899 -0.111111111111
0.337227077299 9.19191919192 -0.111111111111
0.141473450487 9.39393939394 -0.111111111111
-0.0600344035041 9.59595959596 -0.111111111111
-0.259100445303 9.79797979798 -0.111111111111
-0.447627952703 10.0 -0.111111111111
0.447627952703 -10.0 0.111111111111
0.259100445303 -9.79797979798 0.111111111111
0.0600344035041 -9.59595959596 0.111111111111
-0.141473450487 -9.39393939394 0.111111111111
-0.337227077299 -9.19191919192 0.111111111111
-0.519264482396 -8.9898989899 0.111111111111
-0.680181558643 -8.78787878788 0.111111111111
-0.813433237615 -8.58585858586 0.111111111111
-0.913599700752 -8.38383838384 0.111111111111
-0.976606822606 -8.18181818182 0.111111111111
-0.999891879984 -7.9797979798 0.111111111111
-0.982507786986 -7.77777777778 0.111111111111
-0.925161616353 -7.57575757576 0.111111111111
-0.830185840309 -7.37373737374 0.111111111111
-0.70144346064 -7.17171717172 0.111111111111
-0.544170886705 -6.9696969697 0.111111111111
-0.364764952088 -6.76767676768 0.111111111111
-0.170522732684 -6.56565656566 0.111111111111
0.0306552512725 -6.36363636364 0.111111111111
0.230586377395 -6.16161616162 0.111111111111
0.421138737429 -5.9595959596 0.111111111111
0.594561890811 -5.75757575758 0.111111111111
0.743802102588 -5.55555555556 0.111111111111
0.862789243842 -5.35353535354 0.111111111111
0.946683685372 -5.15151515152 0.111111111111
0.992073142584 -4.94949494949 0.111111111111
0.997111465211 -4.74747474747 0.111111111111
0.961593726796 -4.54545454545 0.111111111111
0.886964559777 -4.34343434343 0.111111111111
0.77625939716 -4.14141414141 0.111111111111
0.633981010693 -3.93939393939 0.111111111111
0.465916367156 -3.73737373737 0.111111111111
0.278901251895 -3.53535353535 0.111111111111
0.0805422331774 -3.33333333333 0.111111111111
-0.121092723927 -3.13131313131 0.111111111111
-0.317802410313 -2.92929292929 0.111111111111
-0.501585945108 -2.72727272727 0.111111111111
-0.664968199888 -2.52525252525 0.111111111111
-0.801303838671 -2.32323232323 0.111111111111
-0.905047607309 -2.12121212121 0.111111111111
-0.971979878648 -1.91919191919 0.111111111111
-0.999378279737 -1.71717171717 0.111111111111
-0.986128420395 -1.51515151515 0.111111111111
-0.932769219411 -1.31313131313 0.111111111111
-0.841470984808 -1.11111111111 0.111111111111
-0.715947139713 -0.909090909091 0.111111111111
-0.561303184265 -0.707070707071 0.111111111111
-0.383829036809 -0.505050505051 0.111111111111
-0.190743200601 -0.30303030303 0.111111111111
0.0101008383335 -0.10101010101 0.111111111111
0.210534040335 0.10101010101 0.111111111111
0.402404075941 0.30303030303 0.111111111111
0.577906910048 0.505050505051 0.111111111111
0.72990421971 0.707070707071 0.111111111111
0.852213735056 0.909090909091 0.111111111111
0.939860694142 1.11111111111 0.111111111111
0.989280184171 1.31313131313 0.111111111111
0.998462139143 1.51515151515 0.111111111111
0.967033096372 1.71717171717 0.111111111111
0.896271386537 1.91919191919 0.111111111111
0.789055139441 2.12121212121 0.111111111111
0.649745220255 2.32323232323 0.111111111111
0.484007857665 2.52525252525 0.111111111111
0.298584178244 2.72727272727 0.111111111111
0.101016020917 2.92929292929 0.111111111111
-0.100660816386 3.13131313131 0.111111111111
-0.298243421142 3.33333333333 0.111111111111
-0.483695407792 3.53535353535 0.111111111111
-0.649473786056 3.73737373737 0.111111111111
-0.788835761107 3.93939393939 0.111111111111
-0.896112986964 4.14141414141 0.111111111111
-0.966942118232 4.34343434343 0.111111111111
-0.998442282841 4.54545454545 0.111111111111
-0.989332257332 4.74747474747 0.111111111111
-0.939982578766 4.94949494949 0.111111111111
-0.852400473664 5.15151515152 0.111111111111
-0.730148216979 5.35353535354 0.111111111111
-0.578198241744 5.55555555556 0.111111111111
-0.40273089257 5.75757575758 0.111111111111
-0.210883049105 5.9595959596 0.111111111111
-0.01045784382 6.16161616162 0.111111111111
0.190392719078 6.36363636364 0.111111111111
0.383499334577 6.56565656566 0.111111111111
0.561007671483 6.76767676768 0.111111111111
0.715697835935 6.9696969697 0.111111111111
0.841278030102 7.17171717172 0.111111111111
0.93264046193 7.37373737374 0.111111111111
0.986069097163 7.57575757576 0.111111111111
0.999390803641 7.77777777778 0.111111111111
0.972063740295 7.9797979798 0.111111111111
0.905199395748 8.18181818182 0.111111111111
0.801517380129 8.38383838384 0.111111111111
0.665234808875 8.58585858586 0.111111111111
0.501894777691 8.78787878788 0.111111111111
0.318140905176 8.9898989899 0.111111111111
0.121447113283 9.19191919192 0.111111111111
-0.0801863636022 9.39393939394 0.111111111111
-0.278558376578 9.59595959596 0.111111111111
-0.465600432053 9.79797979798 0.111111111111
-0.633704866006 10.0 0.111111111111
0.23953677313 -10.0 0.333333333333
0.0398579429012 -9.79797979798 0.333333333333
-0.161442051282 -9.59595959596 0.333333333333
-0.356175624442 -9.39393939394 0.333333333333
-0.536422271246 -9.19191919192 0.333333333333
-0.694850721051 -8.9898989899 0.333333333333
-0.8250171267 -8.78787878788 0.333333333333
-0.921627158646 -8.58585858586 0.333333333333
-0.980751344115 -8.38383838384 0.333333333333
-0.999984892713 -8.18181818182 0.333333333333
-0.978545507777 -7.9797979798 0.333333333333
-0.91730520516 -7.77777777778 0.333333333333
-0.818754845249 -7.57575757576 0.333333333333
-0.68690282084 -7.37373737374 0.333333333333
-0.527112021575 -7.17171717172 0.333333333333
-0.3458817062 -6.9696969697 0.333333333333
-0.150583154644 -6.76767676768 0.333333333333
0.0508401480797 -6.56565656566 0.333333333333
0.2501956016 -6.36363636364 0.333333333333
0.43937471231 -6.16161616162 0.333333333333
0.610682894568 -5.9595959596 0.333333333333
0.757152436801 -5.75757575758 0.333333333333
0.872825903051 -5.55555555556 0.333333333333
0.952998443038 -5.35353535354 0.333333333333
0.994409155107 -5.15151515152 0.333333333333
0.995373718674 -4.94949494949 0.333333333333
0.955852901516 -4.74747474747 0.333333333333
0.877454155487 -4.54545454545 0.333333333333
0.763366235746 -4.34343434343 0.333333333333
0.618229502773 -4.14141414141 0.333333333333
0.447947182444 -3.93939393939 0.333333333333
0.259445260888 -3.73737373737 0.333333333333
0.0603907800599 -3.53535353535 0.333333333333
-0.14112000806 -3.33333333333 0.333333333333
-0.336890944758 -3.13131313131 0.333333333333
-0.518959331443 -2.92929292929 0.333333333333
-0.679919800851 -2.72727272727 0.333333333333
-0.813225519602 -2.52525252525 0.333333333333
-0.913454471147 -2.32323232323 0.333333333333
-0.976529988412 -2.12121212121 0.333333333333
-0.999886566321 -1.91919191919 0.333333333333
-0.982574209978 -1.71717171717 0.333333333333
-0.925297074342 -1.51515151515 0.333333333333
-0.830384823738 -1.31313131313 0.333333333333
-0.701697876147 -1.11111111111 0.333333333333
-0.544470386308 -0.909090909091 0.333333333333
-0.365097354077 -0.707070707071 0.333333333333
-0.17087451709 -0.505050505051 0.333333333333
0.0302983927703 -0.30303030303 0.333333333333
0.230238959498 -0.10101010101 0.333333333333
0.420814890854 0.10101010101 0.333333333333
0.594274787548 0.30303030303 0.333333333333
0.743563420145 0.505050505051 0.333333333333
0.862608690282 0.707070707071 0.333333333333
0.946568604448 0.909090909091 0.333333333333
0.992028215046 1.11111111111 0.333333333333
0.997138518421 1.31313131313 0.333333333333
0.961691660404 1.51515151515 0.333333333333
0.887129390475 1.71717171717 0.333333333333
0.7764844207 1.91919191919 0.333333333333
0.634257074569 2.12121212121 0.333333333333
0.46623224287 2.32323232323 0.333333333333
0.279244091661 2.52525252525 0.333333333333
0.0808980924861 2.72727272727 0.333333333333
-0.120738319137 2.92929292929 0.333333333333
-0.31746387494 3.13131313131 0.333333333333
-0.501277048588 3.33333333333 0.333333333333
-0.664701506139 3.53535353535 0.333333333333
-0.801090195074 3.73737373737 0.333333333333
-0.904895703506 3.93939393939 0.333333333333
-0.971895893106 4.14141414141 0.333333333333
-0.999365628447 4.34343434343 0.333333333333
-0.986187617929 4.54545454545 0.333333333333
-0.932897857995 4.74747474747 0.333333333333
-0.841663832254 4.94949494949 0.333333333333
-0.716196352232 5.15151515152 0.333333333333
-0.5615986255 5.35353535354 0.333333333333
-0.384158690116 5.55555555556 0.333333333333
-0.19109365781 5.75757575758 0.333333333333
0.00974383155956 5.9595959596 0.333333333333
0.210185004729 6.16161616162 0.333333333333
0.402077208019 6.36363636364 0.333333333333
0.577615504689 6.56565656566 0.333333333333
0.729660129403 6.76767676768 0.333333333333
0.852026887819 6.9696969697 0.333333333333
0.939738689716 7.17171717172 0.333333333333
0.989227984909 7.37373737374 0.333333333333
0.998481868174 7.57575757576 0.333333333333
0.967123951247 7.77777777778 0.333333333333
0.896429671865 7.9797979798 0.333333333333
0.789274417196 8.18181818182 0.333333333333
0.650016571634 8.38383838384 0.333333333333
0.484320245844 8.58585858586 0.333333333333
0.298924897287 8.78787878788 0.333333333333
0.101371212571 8.9898989899 0.333333333333
-0.100305599025 9.19191919192 0.333333333333
-0.297902626024 9.39393939394 0.333333333333
-0.483382896264 9.59595959596 0.333333333333
-0.64920226907 9.79797979798 0.333333333333
-0.788616282223 10.0 0.333333333333
0.0196652159634 -10.0 0.555555555556
-0.181344766325 -9.79797979798 0.555555555556
-0.374978813556 -9.59595959596 0.555555555556
-0.553361142015 -9.39393939394 0.555555555556
-0.709236309502 -9.19191919192 0.555555555556
-0.836264319911 -8.9898989899 0.555555555556
-0.929278493362 -8.78787878788 0.555555555556
-0.984495613409 -8.58585858586 0.555555555556
-0.999669803866 -8.38383838384 0.555555555556
-0.974183876572 -8.18181818182 0.555555555556
-0.909074434612 -7.9797979798 0.555555555556
-0.80698971 -7.77777777778 0.555555555556
-0.672081850682 -7.57575757576 0.555555555556
-0.50983803795 -7.37373737374 0.555555555556
-0.326857303309 -7.17171717172 0.555555555556
-0.130582122453 -6.9696969697 0.555555555556
0.071004296629 -6.76767676768 0.555555555556
0.269702719044 -6.56565656566 0.555555555556
0.45743137497 -6.36363636364 0.555555555556
0.626554673909 -6.16161616162 0.555555555556
0.770193771244 -5.9595959596 0.555555555556
0.882506355254 -5.75757575758 0.555555555556
0.958924274663 -5.55555555556 0.555555555556
0.996339341558 -5.35353535354 0.555555555556
0.993229752419 -5.15151515152 0.555555555556
0.949721985269 -4.94949494949 0.555555555556
0.867585655364 -4.74747474747 0.555555555556
0.750161538662 -4.54545454545 0.555555555556
0.602225690608 -4.34343434343 0.555555555556
0.42979518702 -4.14141414141 0.555555555556
0.239883388262 -3.93939393939 0.555555555556
0.0402146809976 -3.73737373737 0.555555555556
-0.161089700025 -3.53535353535 0.555555555556
-0.355841991401 -3.33333333333 0.555555555556
-0.536120926459 -3.13131313131 0.555555555556
-0.694593921281 -2.92929292929 0.555555555556
-0.824815316905 -2.72727272727 0.555555555556
-0.921488547145 -2.52525252525 0.555555555556
-0.98068156873 -2.32323232323 0.555555555556
-0.999986791457 -2.12121212121 0.555555555556
-0.978619003421 -1.91919191919 0.555555555556
-0.917447308375 -1.71717171717 0.555555555556
-0.818959776194 -1.51515151515 0.555555555556
-0.687162244246 -1.31313131313 0.555555555556
-0.527415385772 -1.11111111111 0.555555555556
-0.346216672288 -0.909090909091 0.555555555556
-0.150936098366 -0.707070707071 0.555555555556
0.0504835821984 -0.505050505051 0.555555555556
0.249849916359 -0.30303030303 0.555555555556
0.439053967954 -0.10101010101 0.555555555556
0.610400136908 0.10101010101 0.555555555556
0.756919166594 0.30303030303 0.555555555556
0.872651608225 0.505050505051 0.555555555556
0.952890212781 0.707070707071 0.555555555556
0.994371391528 0.909090909091 0.555555555556
0.995407957752 1.11111111111 0.555555555556
0.955957750625 1.31313131313 0.555555555556
0.877625350043 1.51515151515 0.555555555556
0.763596812658 1.71717171717 0.555555555556
0.618510083661 1.91919191919 0.555555555556
0.448266355087 2.12121212121 0.555555555556
0.259790043403 2.32323232323 0.555555555556
0.0607471489179 2.52525252525 0.555555555556
-0.140766547644 2.72727272727 0.555555555556
-0.336554769274 2.92929292929 0.555555555556
-0.518654114341 3.13131313131 0.555555555556
-0.679657956393 3.33333333333 0.555555555556
-0.813017697931 3.53535353535 0.555555555556
-0.913309125107 3.73737373737 0.555555555556
-0.976453029744 3.93939393939 0.555555555556
-0.999881125205 4.14141414141 0.555555555556
-0.982640507725 4.34343434343 0.555555555556
-0.925432414387 4.54545454545 0.555555555556
-0.830583701321 4.74747474747 0.555555555556
-0.701952202211 4.94949494949 0.555555555556
-0.54476981651 5.15151515152 0.555555555556
-0.365429709528 5.35353535354 0.555555555556
-0.171226279714 5.55555555556 0.555555555556
0.029941530406 5.75757575758 0.555555555556
0.229891512252 5.9595959596 0.555555555556
0.42049099064 6.16161616162 0.555555555556
0.593987608536 6.36363636364 0.555555555556
0.743324642924 6.56565656566 0.555555555556
0.862428026768 6.76767676768 0.555555555556
0.946453402869 6.9696969697 0.555555555556
0.991983161058 7.17171717172 0.555555555556
0.997165444529 7.37373737374 0.555555555556
0.961789471428 7.57575757576 0.555555555556
0.887294108095 7.77777777778 0.555555555556
0.776709345265 7.9797979798 0.555555555556
0.634533057598 8.18181818182 0.555555555556
0.466548059155 8.38383838384 0.555555555556
0.279586895833 8.58585858586 0.555555555556
0.0812539414831 8.78787878788 0.555555555556
-0.120383898956 8.9898989899 0.555555555556
-0.317125299102 9.19191919192 0.555555555556
-0.500968088173 9.39393939394 0.555555555556
-0.664434727663 9.59595959596 0.555555555556
-0.800876449364 9.79797979798 0.555555555556
-0.904743684359 10.0 0.555555555556
-0.201173473166 -10.0 0.777777777778
-0.393628970914 -9.79797979798 0.777777777778
-0.570074181819 -9.59595959596 0.777777777778
-0.723332453125 -9.39393939394 0.777777777778
-0.847170227179 -9.19191919192 0.777777777778
-0.936550582334 -8.9898989899 0.777777777778
-0.987838102422 -8.78787878788 0.777777777778
-0.998946742035 -8.58585858586 0.777777777778
-0.969424673386 -8.38383838384 0.777777777778
-0.900472663751 -8.18181818182 0.777777777778
-0.794895236003 -7.9797979798 0.777777777778
-0.656986598719 -7.77777777778 0.777777777778
-0.492355985476 -7.57575757576 0.777777777778
-0.307699507424 -7.37373737374 0.777777777778
-0.110527798687 -7.17171717172 0.777777777778
0.0911394677752 -6.9696969697 0.777777777778
0.28909976872 -6.76767676768 0.777777777778
0.475301356345 -6.56565656566 0.777777777778
0.642170751438 -6.36363636364 0.777777777778
0.782920783647 -6.16161616162 0.777777777778
0.891826649782 -5.9595959596 0.777777777778
0.96445876187 -5.75757575758 0.777777777778
0.997862914211 -5.55555555556 0.777777777778
0.990680441414 -5.35353535354 0.777777777778
0.943203480129 -5.15151515152 0.777777777778
0.857363086821 -4.94949494949 0.777777777778
0.736650694847 -4.74747474747 0.777777777778
0.585976105477 -4.54545454545 0.777777777778
0.411467788853 -4.34343434343 0.777777777778
0.220223617369 -4.14141414141 0.777777777778
0.0200221700127 -3.93939393939 0.777777777778
-0.180993650037 -3.73737373737 0.777777777778
-0.374647816173 -3.53535353535 0.777777777778
-0.553063726375 -3.33333333333 0.777777777778
-0.708984572556 -3.13131313131 0.777777777778
-0.836068500692 -2.92929292929 0.777777777778
-0.929146556534 -2.72727272727 0.777777777778
-0.984432925309 -2.52525252525 0.777777777778
-0.999678914243 -2.32323232323 0.777777777778
-0.974264414874 -2.12121212121 0.777777777778
-0.909223125061 -1.91919191919 0.777777777778
-0.807200504827 -1.71717171717 0.777777777778
-0.672346176114 -1.51515151515 0.777777777778
-0.510145142935 -1.31313131313 0.777777777778
-0.327194696796 -1.11111111111 0.777777777778
-0.130936081452 -0.909090909091 0.777777777778
0.0706481688859 -0.707070707071 0.777777777778
0.269358907536 -0.505050505051 0.777777777778
0.45711386373 -0.30303030303 0.777777777778
0.626276377247 -0.10101010101 0.777777777778
0.769966008472 0.10101010101 0.777777777778
0.882338390292 0.30303030303 0.777777777778
0.958822939242 0.505050505051 0.777777777778
0.996308757349 0.707070707071 0.777777777778
0.99327116339 0.909090909091 0.777777777778
0.94983370709 1.11111111111 0.777777777778
0.867763143912 1.31313131313 0.777777777778
0.750397574846 1.51515151515 0.777777777778
0.602510674001 1.71717171717 0.777777777778
0.430117526336 1.91919191919 0.777777777778
0.240229972817 2.12121212121 0.777777777778
0.0405714139679 2.32323232323 0.777777777778
-0.160737328235 2.52525252525 0.777777777778
-0.355508313002 2.72727272727 0.777777777778
-0.535819513336 2.92929292929 0.777777777778
-0.694337032974 3.13131313131 0.777777777778
-0.824613401973 3.33333333333 0.777777777778
-0.921349818185 3.53535353535 0.777777777778
-0.980611668342 3.73737373737 0.777777777778
-0.999988562736 3.93939393939 0.777777777778
-0.978692374324 4.14141414141 0.777777777778
-0.917589294647 4.34343434343 0.777777777778
-0.81916460275 4.54545454545 0.777777777778
-0.687421580062 4.74747474747 0.777777777778
-0.527718682741 4.94949494949 0.777777777778
-0.346551594246 5.15151515152 0.777777777778
-0.151289022848 5.35353535354 0.777777777778
0.0501270098822 5.55555555556 0.777777777778
0.24950419927 5.75757575758 0.777777777778
0.438733167633 5.9595959596 0.777777777778
0.610117301442 6.16161616162 0.777777777778
0.756685799905 6.36363636364 0.777777777778
0.872477202165 6.56565656566 0.777777777778
0.952781861062 6.76767676768 0.777777777778
0.9943335012 6.9696969697 0.777777777778
0.995442069948 7.17171717172 0.777777777778
0.956062477882 7.37373737374 0.777777777778
0.877796432731 7.57575757576 0.777777777778
0.763827292238 7.77777777778 0.777777777778
0.61879058571 7.9797979798 0.777777777778
0.448585470592 8.18181818182 0.777777777778
0.260134792803 8.38383838384 0.777777777778
0.0611035100326 8.58585858586 0.777777777778
-0.140413069286 8.78787878788 0.777777777778
-0.336218550891 8.9898989899 0.777777777778
-0.518348831128 9.19191919192 0.777777777778
-0.679396025301 9.39393939394 0.777777777778
-0.812809772627 9.59595959596 0.777777777778
-0.913163662651 9.79797979798 0.777777777778
-0.97637594661 10.0 0.777777777778
-0.412118485242 -10.0 1.0
-0.586554569936 -9.79797979798 1.0
-0.737133399176 -9.59595959596 1.0
-0.857730397721 -9.39393939394 1.0
-0.943440457763 -9.19191919192 1.0
-0.99077744706 -8.9898989899 1.0
-0.997816002307 -8.78787878788 1.0
-0.964269840488 -8.58585858586 1.0
-0.891503403026 -8.38383838384 1.0
-0.782476359108 -8.18181818182 1.0
-0.641623225439 -7.9797979798 1.0
-0.474672998712 -7.77777777778 1.0
-0.288416136987 -7.57575757576 1.0
-0.0904283676706 -7.37373737374 1.0
0.111237444199 -7.17171717172 1.0
0.308378834543 -6.9696969697 1.0
0.492977363558 -6.76767676768 1.0
0.657524754112 -6.56565656566 1.0
0.795328280019 -6.36363636364 1.0
0.900782982952 -6.16161616162 1.0
0.96959964599 -5.9595959596 1.0
0.998979251285 -5.75757575758 1.0
0.987726826052 -5.55555555556 1.0
0.936300046348 -5.35353535354 1.0
0.846790621765 -5.15151515152 1.0
0.722839218182 -4.94949494949 1.0
0.569487378962 -4.74747474747 1.0
0.392972467497 -4.54545454545 1.0
0.200473971513 -4.34343434343 1.0
-0.000178512174703 -4.14141414141 1.0
-0.200823735139 -3.93939393939 1.0
-0.393300744272 -3.73737373737 1.0
-0.569780816704 -3.53535353535 1.0
-0.723085881738 -3.33333333333 1.0
-0.846980478453 -3.13131313131 1.0
-0.936425374022 -2.92929292929 1.0
-0.987782527192 -2.72727272727 1.0
-0.998963060327 -2.52525252525 1.0
-0.969512221478 -2.32323232323 1.0
-0.900627880751 -2.12121212121 1.0
-0.795111808686 -1.91919191919 1.0
-0.657255718305 -1.71717171717 1.0
-0.492666705916 -1.51515151515 1.0
-0.308039190616 -1.31313131313 1.0
-0.11088262851 -1.11111111111 1.0
0.0907839235089 -0.909090909091 1.0
0.288757971257 -0.707070707071 1.0
0.474987207801 -0.505050505051 1.0
0.641897029349 -0.30303030303 1.0
0.782698621262 -0.10101010101 1.0
0.891665083233 0.10101010101 1.0
0.964364362641 0.30303030303 1.0
0.997839521854 0.505050505051 1.0
0.990729007379 0.707070707071 1.0
0.943322029067 0.909090909091 1.0
0.857546796925 1.11111111111 1.0
0.736892093976 1.31313131313 1.0
0.586265375071 1.51515151515 1.0
0.411793163292 1.71717171717 1.0
0.22057186252 1.91919191919 1.0
0.0203791215099 2.12121212121 1.0
-0.180642510677 2.32323232323 1.0
-0.374316771035 2.52525252525 1.0
-0.552766240239 2.72727272727 1.0
-0.708732745238 2.92929292929 1.0
-0.835872574903 3.13131313131 1.0
-0.929014501271 3.33333333333 1.0
-0.984370111728 3.53535353535 1.0
-0.999687897195 3.73737373737 1.0
-0.97434482899 3.93939393939 1.0
-0.909371699614 4.14141414141 1.0
-0.807411196764 4.34343434343 1.0
-0.672610415845 4.54545454545 1.0
-0.510452182892 4.74747474747 1.0
-0.327532048577 4.94949494949 1.0
-0.131290023761 5.15151515152 1.0
0.0702920321376 5.35353535354 1.0
0.269015061693 5.55555555556 1.0
0.456796294224 5.75757575758 1.0
0.625998000755 5.9595959596 1.0
0.769738147555 6.16161616162 1.0
0.882170312862 6.36363636364 1.0
0.958721481604 6.56565656566 1.0
0.996278046144 6.76767676768 1.0
0.993312447753 6.9696969697 1.0
0.949945307839 7.17171717172 1.0
0.867940521848 7.37373737374 1.0
0.750633515381 7.57575757576 1.0
0.602795580594 7.77777777778 1.0
0.430439810826 7.9797979798 1.0
0.240576526751 8.18181818182 1.0
0.0409281417668 8.38383838384 1.0
-0.160384935956 8.58585858586 1.0
-0.355174589287 8.78787878788 1.0
-0.535518031913 8.9898989899 1.0
-0.694080056162 9.19191919192 1.0
-0.824411381931 9.39393939394 1.0
-0.921210971784 9.59595959596 1.0
-0.980541642958 9.79797979798 1.0
-0.999990206551 10.0 1.0
