0.841470984808 -3.14159265359 -1.0
0.805508741438 -3.07812613534 -1.0
0.766302998666 -3.01465961708 -1.0
0.72401162418 -2.95119309883 -1.0
0.678804910419 -2.88772658057 -1.0
0.630864888864 -2.82426006232 -1.0
0.580384597061 -2.76079354406 -1.0
0.527567301329 -2.69732702581 -1.0
0.472625678276 -2.63386050756 -1.0
0.415780958427 -2.5703939893 -1.0
0.357262035405 -2.50692747105 -1.0
0.297304544261 -2.44346095279 -1.0
0.236149912648 -2.37999443454 -1.0
0.174044388685 -2.31652791628 -1.0
0.111238049397 -2.25306139803 -1.0
0.047983793744 -2.18959487977 -1.0
-0.0154636757105 -2.12612836152 -1.0
-0.0788488784007 -2.06266184327 -1.0
-0.141916584487 -1.99919532501 -1.0
-0.204412842576 -1.93572880676 -1.0
-0.266086002294 -1.8722622885 -1.0
-0.326687727594 -1.80879577025 -1.0
-0.385973996718 -1.74532925199 -1.0
-0.443706084784 -1.68186273374 -1.0
-0.49965152505 -1.61839621549 -1.0
-0.553585044973 -1.55492969723 -1.0
-0.605289473305 -1.49146317898 -1.0
-0.654556614561 -1.42799666072 -1.0
-0.701188087351 -1.36453014247 -1.0
-0.744996123194 -1.30106362421 -1.0
-0.785804322591 -1.23759710596 -1.0
-0.823448365325 -1.17413058771 -1.0
-0.857776672123 -1.11066406945 -1.0
-0.888651015009 -1.0471975512 -1.0
-0.915947073902 -0.983731032942 -1.0
-0.939554937206 -0.920264514688 -1.0
-0.959379544387 -0.856797996434 -1.0
-0.975341068751 -0.793331478179 -1.0
-0.987375238871 -0.729864959925 -1.0
-0.995433597393 -0.666398441671 -1.0
-0.999483696149 -0.602931923416 -1.0
-0.999509226823 -0.539465405162 -1.0
-0.995510086611 -0.475998886908 -1.0
-0.987502378639 -0.412532368653 -1.0
-0.975518347122 -0.349065850399 -1.0
-0.959606247523 -0.285599332145 -1.0
-0.939830152253 -0.22213281389 -1.0
-0.916269692667 -0.158666295636 -1.0
-0.88901973842 -0.0951997773815 -1.0
-0.858190015461 -0.0317332591272 -1.0
-0.823904664202 0.0317332591272 -1.0
-0.786301739652 0.0951997773815 -1.0
-0.745532655517 0.158666295636 -1.0
-0.70176157451 0.22213281389 -1.0
-0.655164747324 0.285599332145 -1.0
-0.605929802937 0.349065850399 -1.0
-0.554254993093 0.412532368653 -1.0
-0.500348394013 0.475998886908 -1.0
-0.444427068544 0.539465405162 -1.0
-0.386716192129 0.602931923416 -1.0
-0.327448146096 0.666398441671 -1.0
-0.266861581951 0.729864959925 -1.0
-0.205200460401 0.793331478179 -1.0
-0.142713069022 0.856797996434 -1.0
-0.0796510224843 0.920264514688 -1.0
-0.0162682493908 0.983731032942 -1.0
0.0471800302012 1.0471975512 -1.0
0.110438332463 1.11066406945 -1.0
0.173251938539 1.17413058771 -1.0
0.235367920207 1.23759710596 -1.0
0.296536158332 1.30106362421 -1.0
0.356510350007 1.36453014247 -1.0
0.415049000331 1.42799666072 -1.0
0.47191639482 1.49146317898 -1.0
0.526883548547 1.55492969723 -1.0
0.579729128184 1.61839621549 -1.0
0.630240343234 1.68186273374 -1.0
0.678213802861 1.74532925199 -1.0
0.723456334875 1.80879577025 -1.0
0.765785763568 1.8722622885 -1.0
0.80503164327 1.93572880676 -1.0
0.841035944676 1.99919532501 -1.0
0.873653691171 2.06266184327 -1.0
0.902753542603 2.12612836152 -1.0
0.928218324139 2.18959487977 -1.0
0.949945498093 2.25306139803 -1.0
0.967847576804 2.31652791628 -1.0
0.981852474918 2.37999443454 -1.0
0.991903799655 2.44346095279 -1.0
0.997961077877 2.50692747105 -1.0
0.999999919062 2.5703939893 -1.0
0.998012113517 2.63386050756 -1.0
0.992005665433 2.69732702581 -1.0
0.982004760657 2.76079354406 -1.0
0.968049669302 2.82426006232 -1.0
0.950196583596 2.88772658057 -1.0
0.928517391613 2.95119309883 -1.0
0.903099387809 3.01465961708 -1.0
0.874044921514 3.07812613534 -1.0
0.841470984808 3.14159265359 -1.0
0.479425538604 -3.14159265359 -0.5
0.42280057399 -3.07812613534 -0.5
0.364473140689 -3.01465961708 -0.5
0.304678102689 -2.95119309883 -0.5
0.243656233504 -2.88772658057 -0.5
0.181653246664 -2.82426006232 -0.5
0.118918806312 -2.76079354406 -0.5
0.0557055218994 -2.69732702581 -0.5
-0.00773206898916 -2.63386050756 -0.5
-0.0711385255649 -2.5703939893 -0.5
-0.134258532406 -2.50692747105 -0.5
-0.196837927523 -2.44346095279 -0.5
-0.258624725779 -2.37999443454 -0.5
-0.319370133543 -2.31652791628 -0.5
-0.3788295505 -2.25306139803 -0.5
-0.436763554562 -2.18959487977 -0.5
-0.492938865943 -2.12612836152 -0.5
-0.547129286491 -2.06266184327 -0.5
-0.599116610508 -1.99919532501 -0.5
-0.648691503389 -1.93572880676 -0.5
-0.695654344537 -1.8722622885 -0.5
-0.739816031167 -1.80879577025 -0.5
-0.780998739752 -1.74532925199 -0.5
-0.819036642062 -1.68186273374 -0.5
-0.853776572887 -1.61839621549 -0.5
-0.885078646789 -1.55492969723 -0.5
-0.912816821363 -1.49146317898 -0.5
-0.93687940477 -1.42799666072 -0.5
-0.957169505481 -1.36453014247 -0.5
-0.973605422419 -1.30106362421 -0.5
-0.98612097395 -1.23759710596 -0.5
-0.994665764363 -1.17413058771 -0.5
-0.999205386805 -1.11066406945 -0.5
-0.999721561817 -1.0471975512 -0.5
-0.996212210946 -0.983731032942 -0.5
-0.988691465108 -0.920264514688 -0.5
-0.977189607692 -0.856797996434 -0.5
-0.961752952619 -0.793331478179 -0.5
-0.942443657851 -0.729864959925 -0.5
-0.919339475102 -0.666398441671 -0.5
-0.892533436762 -0.602931923416 -0.5
-0.862133481286 -0.539465405162 -0.5
-0.828262018566 -0.475998886908 -0.5
-0.791055437026 -0.412532368653 -0.5
-0.750663554441 -0.349065850399 -0.5
-0.707249014663 -0.285599332145 -0.5
-0.660986632722 -0.22213281389 -0.5
-0.612062690903 -0.158666295636 -0.5
-0.560674188651 -0.0951997773815 -0.5
-0.507028049328 -0.0317332591272 -0.5
-0.451340287002 0.0317332591272 -0.5
-0.393835136639 0.0951997773815 -0.5
-0.334744151182 0.158666295636 -0.5
-0.274305269174 0.22213281389 -0.5
-0.212761856661 0.285599332145 -0.5
-0.150361727245 0.349065850399 -0.5
-0.087356144222 0.412532368653 -0.5
-0.0239988088382 0.475998886908 -0.5
0.0394551612785 0.539465405162 -0.5
0.102750259386 0.602931923416 -0.5
0.165631618464 0.666398441671 -0.5
0.227846037474 0.729864959925 -0.5
0.289143000907 0.793331478179 -0.5
0.349275687527 0.856797996434 -0.5
0.408001964228 0.920264514688 -0.5
0.46508536102 0.983731032942 -0.5
0.520296023213 1.0471975512 -0.5
0.573411636956 1.11066406945 -0.5
0.624218324418 1.17413058771 -0.5
0.672511505002 1.23759710596 -0.5
0.718096719115 1.30106362421 -0.5
0.760790411187 1.36453014247 -0.5
0.800420668789 1.42799666072 -0.5
0.836827914862 1.49146317898 -0.5
0.869865550275 1.55492969723 -0.5
0.89940054413 1.61839621549 -0.5
0.925313969433 1.68186273374 -0.5
0.947501481964 1.74532925199 -0.5
0.965873740441 1.80879577025 -0.5
0.980356766266 1.8722622885 -0.5
0.990892241403 1.93572880676 -0.5
0.997437743213 1.99919532501 -0.5
0.999966915271 2.06266184327 -0.5
0.998469573494 2.12612836152 -0.5
0.992951747147 2.18959487977 -0.5
0.983435654571 2.25306139803 -0.5
0.969959613711 2.31652791628 -0.5
0.952577887828 2.37999443454 -0.5
0.931360466997 2.44346095279 -0.5
0.906392786284 2.50692747105 -0.5
0.877775381725 2.5703939893 -0.5
0.84562348551 2.63386050756 -0.5
0.810066561977 2.69732702581 -0.5
0.771247786306 2.76079354406 -0.5
0.729323468007 2.82426006232 -0.5
0.684462421512 2.88772658057 -0.5
0.636845286423 2.95119309883 -0.5
0.586663800136 3.01465961708 -0.5
0.534120025785 3.07812613534 -0.5
0.479425538604 3.14159265359 -0.5
-1.22464679915e-16 -3.14159265359 0.0
-0.0634239196566 -3.07812613534 0.0
-0.126592453574 -3.01465961708 0.0
-0.18925124436 -2.95119309883 0.0
-0.251147987181 -2.88772658057 0.0
-0.312033445698 -2.82426006232 0.0
-0.37166245566 -2.76079354406 0.0
-0.429794912089 -2.69732702581 0.0
-0.4861967361 -2.63386050756 0.0
-0.540640817456 -2.5703939893 0.0
-0.592907929055 -2.50692747105 0.0
-0.642787609687 -2.44346095279 0.0
-0.690079011482 -2.37999443454 0.0
-0.734591708658 -2.31652791628 0.0
-0.776146464292 -2.25306139803 0.0
-0.81457595205 -2.18959487977 0.0
-0.84972542995 -2.12612836152 0.0
-0.881453363448 -2.06266184327 0.0
-0.909631995355 -1.99919532501 0.0
-0.934147860265 -1.93572880676 0.0
-0.954902241444 -1.8722622885 0.0
-0.971811568324 -1.80879577025 0.0
-0.984807753012 -1.74532925199 0.0
-0.993838464461 -1.68186273374 0.0
-0.998867339183 -1.61839621549 0.0
-0.999874127674 -1.55492969723 0.0
-0.996854775952 -1.49146317898 0.0
-0.989821441881 -1.42799666072 0.0
-0.978802446215 -1.36453014247 0.0
-0.96384215856 -1.30106362421 0.0
-0.945000818715 -1.23759710596 0.0
-0.922354294105 -1.17413058771 0.0
-0.895993774291 -1.11066406945 0.0
-0.866025403784 -1.0471975512 0.0
-0.832569854635 -0.983731032942 0.0
-0.795761840531 -0.920264514688 0.0
-0.755749574354 -0.856797996434 0.0
-0.712694171379 -0.793331478179 0.0
-0.666769000516 -0.729864959925 0.0
-0.618158986221 -0.666398441671 0.0
-0.567059863863 -0.602931923416 0.0
-0.513677391573 -0.539465405162 0.0
-0.458226521727 -0.475998886908 0.0
-0.400930535407 -0.412532368653 0.0
-0.342020143326 -0.349065850399 0.0
-0.281732556841 -0.285599332145 0.0
-0.220310532787 -0.22213281389 0.0
-0.158001395973 -0.158666295636 0.0
-0.0950560433042 -0.0951997773815 0.0
-0.0317279334981 -0.0317332591272 0.0
0.0317279334981 0.0317332591272 0.0
0.0950560433042 0.0951997773815 0.0
0.158001395973 0.158666295636 0.0
0.220310532787 0.22213281389 0.0
0.281732556841 0.285599332145 0.0
0.342020143326 0.349065850399 0.0
0.400930535407 0.412532368653 0.0
0.458226521727 0.475998886908 0.0
0.513677391573 0.539465405162 0.0
0.567059863863 0.602931923416 0.0
0.618158986221 0.666398441671 0.0
0.666769000516 0.729864959925 0.0
0.712694171379 0.793331478179 0.0
0.755749574354 0.856797996434 0.0
0.795761840531 0.920264514688 0.0
0.832569854635 0.983731032942 0.0
0.866025403784 1.0471975512 0.0
0.895993774291 1.11066406945 0.0
0.922354294105 1.17413058771 0.0
0.945000818715 1.23759710596 0.0
0.96384215856 1.30106362421 0.0
0.978802446215 1.36453014247 0.0
0.989821441881 1.42799666072 0.0
0.996854775952 1.49146317898 0.0
0.999874127674 1.55492969723 0.0
0.998867339183 1.61839621549 0.0
0.993838464461 1.68186273374 0.0
0.984807753012 1.74532925199 0.0
0.971811568324 1.80879577025 0.0
0.954902241444 1.8722622885 0.0
0.934147860265 1.93572880676 0.0
0.909631995355 1.99919532501 0.0
0.881453363448 2.06266184327 0.0
0.84972542995 2.12612836152 0.0
0.81457595205 2.18959487977 0.0
0.776146464292 2.25306139803 0.0
0.734591708658 2.31652791628 0.0
0.690079011482 2.37999443454 0.0
0.642787609687 2.44346095279 0.0
0.592907929055 2.50692747105 0.0
0.540640817456 2.5703939893 0.0
0.4861967361 2.63386050756 0.0
0.429794912089 2.69732702581 0.0
0.37166245566 2.76079354406 0.0
0.312033445698 2.82426006232 0.0
0.251147987181 2.88772658057 0.0
0.18925124436 2.95119309883 0.0
0.126592453574 3.01465961708 0.0
0.0634239196566 3.07812613534 0.0
1.22464679915e-16 3.14159265359 0.0
-0.479425538604 -3.14159265359 0.5
-0.534120025785 -3.07812613534 0.5
-0.586663800136 -3.01465961708 0.5
-0.636845286423 -2.95119309883 0.5
-0.684462421512 -2.88772658057 0.5
-0.729323468007 -2.82426006232 0.5
-0.771247786306 -2.76079354406 0.5
-0.810066561977 -2.69732702581 0.5
-0.84562348551 -2.63386050756 0.5
-0.877775381725 -2.5703939893 0.5
-0.906392786284 -2.50692747105 0.5
-0.931360466997 -2.44346095279 0.5
-0.952577887828 -2.37999443454 0.5
-0.969959613711 -2.31652791628 0.5
-0.983435654571 -2.25306139803 0.5
-0.992951747147 -2.18959487977 0.5
-0.998469573494 -2.12612836152 0.5
-0.999966915271 -2.06266184327 0.5
-0.997437743213 -1.99919532501 0.5
-0.990892241403 -1.93572880676 0.5
-0.980356766266 -1.8722622885 0.5
-0.965873740441 -1.80879577025 0.5
-0.947501481964 -1.74532925199 0.5
-0.925313969433 -1.68186273374 0.5
-0.89940054413 -1.61839621549 0.5
-0.869865550275 -1.55492969723 0.5
-0.836827914862 -1.49146317898 0.5
-0.800420668789 -1.42799666072 0.5
-0.760790411187 -1.36453014247 0.5
-0.718096719115 -1.30106362421 0.5
-0.672511505002 -1.23759710596 0.5
-0.624218324418 -1.17413058771 0.5
-0.573411636956 -1.11066406945 0.5
-0.520296023213 -1.0471975512 0.5
-0.46508536102 -0.983731032942 0.5
-0.408001964228 -0.920264514688 0.5
-0.349275687527 -0.856797996434 0.5
-0.289143000907 -0.793331478179 0.5
-0.227846037474 -0.729864959925 0.5
-0.165631618464 -0.666398441671 0.5
-0.102750259386 -0.602931923416 0.5
-0.0394551612785 -0.539465405162 0.5
0.0239988088382 -0.475998886908 0.5
0.087356144222 -0.412532368653 0.5
0.150361727245 -0.349065850399 0.5
0.212761856661 -0.285599332145 0.5
0.274305269174 -0.22213281389 0.5
0.334744151182 -0.158666295636 0.5
0.393835136639 -0.0951997773815 0.5
0.451340287002 -0.0317332591272 0.5
0.507028049328 0.0317332591272 0.5
0.560674188651 0.0951997773815 0.5
0.612062690903 0.158666295636 0.5
0.660986632722 0.22213281389 0.5
0.707249014663 0.285599332145 0.5
0.750663554441 0.349065850399 0.5
0.791055437026 0.412532368653 0.5
0.828262018566 0.475998886908 0.5
0.862133481286 0.539465405162 0.5
0.892533436762 0.602931923416 0.5
0.919339475102 0.666398441671 0.5
0.942443657851 0.729864959925 0.5
0.961752952619 0.793331478179 0.5
0.977189607692 0.856797996434 0.5
0.988691465108 0.920264514688 0.5
0.996212210946 0.983731032942 0.5
0.999721561817 1.0471975512 0.5
0.999205386805 1.11066406945 0.5
0.994665764363 1.17413058771 0.5
0.98612097395 1.23759710596 0.5
0.973605422419 1.30106362421 0.5
0.957169505481 1.36453014247 0.5
0.93687940477 1.42799666072 0.5
0.912816821363 1.49146317898 0.5
0.885078646789 1.55492969723 0.5
0.853776572887 1.61839621549 0.5
0.819036642062 1.68186273374 0.5
0.780998739752 1.74532925199 0.5
0.739816031167 1.80879577025 0.5
0.695654344537 1.8722622885 0.5
0.648691503389 1.93572880676 0.5
0.599116610508 1.99919532501 0.5
0.547129286491 2.06266184327 0.5
0.492938865943 2.12612836152 0.5
0.436763554562 2.18959487977 0.5
0.3788295505 2.25306139803 0.5
0.319370133543 2.31652791628 0.5
0.258624725779 2.37999443454 0.5
0.196837927523 2.44346095279 0.5
0.134258532406 2.50692747105 0.5
0.0711385255649 2.5703939893 0.5
0.00773206898916 2.63386050756 0.5
-0.0557055218994 2.69732702581 0.5
-0.118918806312 2.76079354406 0.5
-0.181653246664 2.82426006232 0.5
-0.243656233504 2.88772658057 0.5
-0.304678102689 2.95119309883 0.5
-0.364473140689 3.01465961708 0.5
-0.42280057399 3.07812613534 0.5
-0.479425538604 3.14159265359 0.5
-0.841470984808 -3.14159265359 1.0
-0.874044921514 -3.07812613534 1.0
-0.903099387809 -3.01465961708 1.0
-0.928517391613 -2.95119309883 1.0
-0.950196583596 -2.88772658057 1.0
-0.968049669302 -2.82426006232 1.0
-0.982004760657 -2.76079354406 1.0
-0.992005665433 -2.69732702581 1.0
-0.998012113517 -2.63386050756 1.0
-0.999999919062 -2.5703939893 1.0
-0.997961077877 -2.50692747105 1.0
-0.991903799655 -2.44346095279 1.0
-0.981852474918 -2.37999443454 1.0
-0.967847576804 -2.31652791628 1.0
-0.949945498093 -2.25306139803 1.0
-0.928218324139 -2.18959487977 1.0
-0.902753542603 -2.12612836152 1.0
-0.873653691171 -2.06266184327 1.0
-0.841035944676 -1.99919532501 1.0
-0.80503164327 -1.93572880676 1.0
-0.765785763568 -1.8722622885 1.0
-0.723456334875 -1.80879577025 1.0
-0.678213802861 -1.74532925199 1.0
-0.630240343234 -1.68186273374 1.0
-0.579729128184 -1.61839621549 1.0
-0.526883548547 -1.55492969723 1.0
-0.47191639482 -1.49146317898 1.0
-0.415049000331 -1.42799666072 1.0
-0.356510350007 -1.36453014247 1.0
-0.296536158332 -1.30106362421 1.0
-0.235367920207 -1.23759710596 1.0
-0.173251938539 -1.17413058771 1.0
-0.110438332463 -1.11066406945 1.0
-0.0471800302012 -1.0471975512 1.0
0.0162682493908 -0.983731032942 1.0
0.0796510224843 -0.920264514688 1.0
0.142713069022 -0.856797996434 1.0
0.205200460401 -0.793331478179 1.0
0.266861581951 -0.729864959925 1.0
0.327448146096 -0.666398441671 1.0
0.386716192129 -0.602931923416 1.0
0.444427068544 -0.539465405162 1.0
0.500348394013 -0.475998886908 1.0
0.554254993093 -0.412532368653 1.0
0.605929802937 -0.349065850399 1.0
0.655164747324 -0.285599332145 1.0
0.70176157451 -0.22213281389 1.0
0.745532655517 -0.158666295636 1.0
0.786301739652 -0.0951997773815 1.0
0.823904664202 -0.0317332591272 1.0
0.858190015461 0.0317332591272 1.0
0.88901973842 0.0951997773815 1.0
0.916269692667 0.158666295636 1.0
0.939830152253 0.22213281389 1.0
0.959606247523 0.285599332145 1.0
0.975518347122 0.349065850399 1.0
0.987502378639 0.412532368653 1.0
0.995510086611 0.475998886908 1.0
0.999509226823 0.539465405162 1.0
0.999483696149 0.602931923416 1.0
0.995433597393 0.666398441671 1.0
0.987375238871 0.729864959925 1.0
0.975341068751 0.793331478179 1.0
0.959379544387 0.856797996434 1.0
0.939554937206 0.920264514688 1.0
0.915947073902 0.983731032942 1.0
0.888651015009 1.0471975512 1.0
0.857776672123 1.11066406945 1.0
0.823448365325 1.17413058771 1.0
0.785804322591 1.23759710596 1.0
0.744996123194 1.30106362421 1.0
0.701188087351 1.36453014247 1.0
0.654556614561 1.42799666072 1.0
0.605289473305 1.49146317898 1.0
0.553585044973 1.55492969723 1.0
0.49965152505 1.61839621549 1.0
0.443706084784 1.68186273374 1.0
0.385973996718 1.74532925199 1.0
0.326687727594 1.80879577025 1.0
0.266086002294 1.8722622885 1.0
0.204412842576 1.93572880676 1.0
0.141916584487 1.99919532501 1.0
0.0788488784007 2.06266184327 1.0
0.0154636757105 2.12612836152 1.0
-0.047983793744 2.18959487977 1.0
-0.111238049397 2.25306139803 1.0
-0.174044388685 2.31652791628 1.0
-0.236149912648 2.37999443454 1.0
-0.297304544261 2.44346095279 1.0
-0.357262035405 2.50692747105 1.0
-0.415780958427 2.5703939893 1.0
-0.472625678276 2.63386050756 1.0
-0.527567301329 2.69732702581 1.0
-0.580384597061 2.76079354406 1.0
-0.630864888864 2.82426006232 1.0
-0.678804910419 2.88772658057 1.0
-0.72401162418 2.95119309883 1.0
-0.766302998666 3.01465961708 1.0
-0.805508741438 3.07812613534 1.0
-0.841470984808 3.14159265359 1.0
