1.03050474812e-16 -3.14159265359 -1.0
0.0533693881338 -3.07812613534 -1.0
0.106523876578 -3.01465961708 -1.0
0.159249430968 -2.95119309883 -1.0
0.211333744106 -2.88772658057 -1.0
0.262567090845 -2.82426006232 -1.0
0.312743172581 -2.76079354406 -1.0
0.361659947941 -2.69732702581 -1.0
0.409120446337 -2.63386050756 -1.0
0.454933561092 -2.5703939893 -1.0
0.498914818962 -2.50692747105 -1.0
0.540887122945 -2.44346095279 -1.0
0.580681465387 -2.37999443454 -1.0
0.618137608516 -2.31652791628 -1.0
0.653104729663 -2.25306139803 -1.0
0.685442028573 -2.18959487977 -1.0
0.715019294356 -2.12612836152 -1.0
0.741717429802 -2.06266184327 -1.0
0.765428930944 -1.99919532501 -1.0
0.786058319933 -1.93572880676 -1.0
0.803522529503 -1.8722622885 -1.0
0.817751237445 -1.80879577025 -1.0
0.828687149774 -1.74532925199 -1.0
0.83628623143 -1.68186273374 -1.0
0.840517883595 -1.61839621549 -1.0
0.841365066898 -1.55492969723 -1.0
0.838824370031 -1.49146317898 -1.0
0.832906023484 -1.42799666072 -1.0
0.823633858349 -1.36453014247 -1.0
0.811045210363 -1.30106362421 -1.0
0.795190769568 -1.23759710596 -1.0
0.776134376202 -1.17413058771 -1.0
0.753952763635 -1.11066406945 -1.0
0.728735249391 -1.0471975512 -1.0
0.700583375501 -0.983731032942 -1.0
0.669610499624 -0.920264514688 -1.0
0.6359413386 -0.856797996434 -1.0
0.599711466257 -0.793331478179 -1.0
0.561066767504 -0.729864959925 -1.0
0.520162850903 -0.666398441671 -1.0
0.47716442209 -0.602931923416 -1.0
0.432244620561 -0.539465405162 -1.0
0.385584322503 -0.475998886908 -1.0
0.337371412468 -0.412532368653 -1.0
0.287800026828 -0.349065850399 -1.0
0.237069772058 -0.285599332145 -1.0
0.185384920987 -0.22213281389 -1.0
0.132953590271 -0.158666295636 -1.0
0.0799869023711 -0.0951997773815 -1.0
0.0266981354465 -0.0317332591272 -1.0
-0.0266981354465 0.0317332591272 -1.0
-0.0799869023711 0.0951997773815 -1.0
-0.132953590271 0.158666295636 -1.0
-0.185384920987 0.22213281389 -1.0
-0.237069772058 0.285599332145 -1.0
-0.287800026828 0.349065850399 -1.0
-0.337371412468 0.412532368653 -1.0
-0.385584322503 0.475998886908 -1.0
-0.432244620561 0.539465405162 -1.0
-0.47716442209 0.602931923416 -1.0
-0.520162850903 0.666398441671 -1.0
-0.561066767504 0.729864959925 -1.0
-0.599711466257 0.793331478179 -1.0
-0.6359413386 0.856797996434 -1.0
-0.669610499624 0.920264514688 -1.0
-0.700583375501 0.983731032942 -1.0
-0.728735249391 1.0471975512 -1.0
-0.753952763635 1.11066406945 -1.0
-0.776134376202 1.17413058771 -1.0
-0.795190769568 1.23759710596 -1.0
-0.811045210363 1.30106362421 -1.0
-0.823633858349 1.36453014247 -1.0
-0.832906023484 1.42799666072 -1.0
-0.838824370031 1.49146317898 -1.0
-0.841365066898 1.55492969723 -1.0
-0.840517883595 1.61839621549 -1.0
-0.83628623143 1.68186273374 -1.0
-0.828687149774 1.74532925199 -1.0
-0.817751237445 1.80879577025 -1.0
-0.803522529503 1.8722622885 -1.0
-0.786058319933 1.93572880676 -1.0
-0.765428930944 1.99919532501 -1.0
-0.741717429802 2.06266184327 -1.0
-0.715019294356 2.12612836152 -1.0
-0.685442028573 2.18959487977 -1.0
-0.653104729663 2.25306139803 -1.0
-0.618137608516 2.31652791628 -1.0
-0.580681465387 2.37999443454 -1.0
-0.540887122945 2.44346095279 -1.0
-0.498914818962 2.50692747105 -1.0
-0.454933561092 2.5703939893 -1.0
-0.409120446337 2.63386050756 -1.0
-0.361659947941 2.69732702581 -1.0
-0.312743172581 2.76079354406 -1.0
-0.262567090845 2.82426006232 -1.0
-0.211333744106 2.88772658057 -1.0
-0.159249430968 2.95119309883 -1.0
-0.106523876578 3.01465961708 -1.0
-0.0533693881338 3.07812613534 -1.0
-1.03050474812e-16 3.14159265359 -1.0
5.87126951281e-17 -3.14159265359 -0.5
0.0304070468417 -3.07812613534 -0.5
0.0606916552378 -3.01465961708 -0.5
0.090731879759 -2.95119309883 -0.5
0.120406759024 -2.88772658057 -0.5
0.149596802767 -2.82426006232 -0.5
0.178184472984 -2.76079354406 -0.5
0.206054657218 -2.69732702581 -0.5
0.233095132073 -2.63386050756 -0.5
0.2591970151 -2.5703939893 -0.5
0.28425520323 -2.50692747105 -0.5
0.308168795982 -2.44346095279 -0.5
0.330841501759 -2.37999443454 -0.5
0.352182025577 -2.31652791628 -0.5
0.372104436679 -2.25306139803 -0.5
0.390528514546 -2.18959487977 -0.5
0.407380071919 -2.12612836152 -0.5
0.422591253525 -2.06266184327 -0.5
0.436100809304 -1.99919532501 -0.5
0.447854341044 -1.93572880676 -0.5
0.457804521419 -1.8722622885 -0.5
0.465911284565 -1.80879577025 -0.5
0.472141987409 -1.74532925199 -0.5
0.47647154111 -1.68186273374 -0.5
0.478882512082 -1.61839621549 -0.5
0.479365192196 -1.55492969723 -0.5
0.477917637871 -1.49146317898 -0.5
0.474545677896 -1.42799666072 -0.5
0.469262889964 -1.36453014247 -0.5
0.462090545997 -1.30106362421 -0.5
0.453057526494 -1.23759710596 -0.5
0.442200204235 -1.17413058771 -0.5
0.429562297826 -1.11066406945 -0.5
0.415194695654 -1.0471975512 -0.5
0.399155250984 -0.983731032942 -0.5
0.381508548997 -0.920264514688 -0.5
0.362325646735 -0.856797996434 -0.5
0.341683786973 -0.793331478179 -0.5
0.319666087197 -0.729864959925 -0.5
0.296361204912 -0.666398441671 -0.5
0.271862980653 -0.602931923416 -0.5
0.246270060124 -0.539465405162 -0.5
0.219685496982 -0.475998886908 -0.5
0.19221633788 -0.412532368653 -0.5
0.163973191427 -0.349065850399 -0.5
0.135069782806 -0.285599332145 -0.5
0.105622495841 -0.22213281389 -0.5
0.0757499043647 -0.158666295636 -0.5
0.0455722947587 -0.0951997773815 -0.5
0.0152111816061 -0.0317332591272 -0.5
-0.0152111816061 0.0317332591272 -0.5
-0.0455722947587 0.0951997773815 -0.5
-0.0757499043647 0.158666295636 -0.5
-0.105622495841 0.22213281389 -0.5
-0.135069782806 0.285599332145 -0.5
-0.163973191427 0.349065850399 -0.5
-0.19221633788 0.412532368653 -0.5
-0.219685496982 0.475998886908 -0.5
-0.246270060124 0.539465405162 -0.5
-0.271862980653 0.602931923416 -0.5
-0.296361204912 0.666398441671 -0.5
-0.319666087197 0.729864959925 -0.5
-0.341683786973 0.793331478179 -0.5
-0.362325646735 0.856797996434 -0.5
-0.381508548997 0.920264514688 -0.5
-0.399155250984 0.983731032942 -0.5
-0.415194695654 1.0471975512 -0.5
-0.429562297826 1.11066406945 -0.5
-0.442200204235 1.17413058771 -0.5
-0.453057526494 1.23759710596 -0.5
-0.462090545997 1.30106362421 -0.5
-0.469262889964 1.36453014247 -0.5
-0.474545677896 1.42799666072 -0.5
-0.477917637871 1.49146317898 -0.5
-0.479365192196 1.55492969723 -0.5
-0.478882512082 1.61839621549 -0.5
-0.47647154111 1.68186273374 -0.5
-0.472141987409 1.74532925199 -0.5
-0.465911284565 1.80879577025 -0.5
-0.457804521419 1.8722622885 -0.5
-0.447854341044 1.93572880676 -0.5
-0.436100809304 1.99919532501 -0.5
-0.422591253525 2.06266184327 -0.5
-0.407380071919 2.12612836152 -0.5
-0.390528514546 2.18959487977 -0.5
-0.372104436679 2.25306139803 -0.5
-0.352182025577 2.31652791628 -0.5
-0.330841501759 2.37999443454 -0.5
-0.308168795982 2.44346095279 -0.5
-0.28425520323 2.50692747105 -0.5
-0.2591970151 2.5703939893 -0.5
-0.233095132073 2.63386050756 -0.5
-0.206054657218 2.69732702581 -0.5
-0.178184472984 2.76079354406 -0.5
-0.149596802767 2.82426006232 -0.5
-0.120406759024 2.88772658057 -0.5
-0.090731879759 2.95119309883 -0.5
-0.0606916552378 3.01465961708 -0.5
-0.0304070468417 3.07812613534 -0.5
-5.87126951281e-17 3.14159265359 -0.5
-0.0 -3.14159265359 0.0
-0.0 -3.07812613534 0.0
-0.0 -3.01465961708 0.0
-0.0 -2.95119309883 0.0
-0.0 -2.88772658057 0.0
-0.0 -2.82426006232 0.0
-0.0 -2.76079354406 0.0
-0.0 -2.69732702581 0.0
-0.0 -2.63386050756 0.0
-0.0 -2.5703939893 0.0
-0.0 -2.50692747105 0.0
-0.0 -2.44346095279 0.0
-0.0 -2.37999443454 0.0
-0.0 -2.31652791628 0.0
-0.0 -2.25306139803 0.0
-0.0 -2.18959487977 0.0
-0.0 -2.12612836152 0.0
-0.0 -2.06266184327 0.0
-0.0 -1.99919532501 0.0
-0.0 -1.93572880676 0.0
-0.0 -1.8722622885 0.0
-0.0 -1.80879577025 0.0
-0.0 -1.74532925199 0.0
-0.0 -1.68186273374 0.0
-0.0 -1.61839621549 0.0
-0.0 -1.55492969723 0.0
-0.0 -1.49146317898 0.0
-0.0 -1.42799666072 0.0
-0.0 -1.36453014247 0.0
-0.0 -1.30106362421 0.0
-0.0 -1.23759710596 0.0
-0.0 -1.17413058771 0.0
-0.0 -1.11066406945 0.0
-0.0 -1.0471975512 0.0
-0.0 -0.983731032942 0.0
-0.0 -0.920264514688 0.0
-0.0 -0.856797996434 0.0
-0.0 -0.793331478179 0.0
-0.0 -0.729864959925 0.0
-0.0 -0.666398441671 0.0
-0.0 -0.602931923416 0.0
-0.0 -0.539465405162 0.0
-0.0 -0.475998886908 0.0
-0.0 -0.412532368653 0.0
-0.0 -0.349065850399 0.0
-0.0 -0.285599332145 0.0
-0.0 -0.22213281389 0.0
-0.0 -0.158666295636 0.0
-0.0 -0.0951997773815 0.0
-0.0 -0.0317332591272 0.0
0.0 0.0317332591272 0.0
0.0 0.0951997773815 0.0
0.0 0.158666295636 0.0
0.0 0.22213281389 0.0
0.0 0.285599332145 0.0
0.0 0.349065850399 0.0
0.0 0.412532368653 0.0
0.0 0.475998886908 0.0
0.0 0.539465405162 0.0
0.0 0.602931923416 0.0
0.0 0.666398441671 0.0
0.0 0.729864959925 0.0
0.0 0.793331478179 0.0
0.0 0.856797996434 0.0
0.0 0.920264514688 0.0
0.0 0.983731032942 0.0
0.0 1.0471975512 0.0
0.0 1.11066406945 0.0
0.0 1.17413058771 0.0
0.0 1.23759710596 0.0
0.0 1.30106362421 0.0
0.0 1.36453014247 0.0
0.0 1.42799666072 0.0
0.0 1.49146317898 0.0
0.0 1.55492969723 0.0
0.0 1.61839621549 0.0
0.0 1.68186273374 0.0
0.0 1.74532925199 0.0
0.0 1.80879577025 0.0
0.0 1.8722622885 0.0
0.0 1.93572880676 0.0
0.0 1.99919532501 0.0
0.0 2.06266184327 0.0
0.0 2.12612836152 0.0
0.0 2.18959487977 0.0
0.0 2.25306139803 0.0
0.0 2.31652791628 0.0
0.0 2.37999443454 0.0
0.0 2.44346095279 0.0
0.0 2.50692747105 0.0
0.0 2.5703939893 0.0
0.0 2.63386050756 0.0
0.0 2.69732702581 0.0
0.0 2.76079354406 0.0
0.0 2.82426006232 0.0
0.0 2.88772658057 0.0
0.0 2.95119309883 0.0
0.0 3.01465961708 0.0
0.0 3.07812613534 0.0
0.0 3.14159265359 0.0
-5.87126951281e-17 -3.14159265359 0.5
-0.0304070468417 -3.07812613534 0.5
-0.0606916552378 -3.01465961708 0.5
-0.090731879759 -2.95119309883 0.5
-0.120406759024 -2.88772658057 0.5
-0.149596802767 -2.82426006232 0.5
-0.178184472984 -2.76079354406 0.5
-0.206054657218 -2.69732702581 0.5
-0.233095132073 -2.63386050756 0.5
-0.2591970151 -2.5703939893 0.5
-0.28425520323 -2.50692747105 0.5
-0.308168795982 -2.44346095279 0.5
-0.330841501759 -2.37999443454 0.5
-0.352182025577 -2.31652791628 0.5
-0.372104436679 -2.25306139803 0.5
-0.390528514546 -2.18959487977 0.5
-0.407380071919 -2.12612836152 0.5
-0.422591253525 -2.06266184327 0.5
-0.436100809304 -1.99919532501 0.5
-0.447854341044 -1.93572880676 0.5
-0.457804521419 -1.8722622885 0.5
-0.465911284565 -1.80879577025 0.5
-0.472141987409 -1.74532925199 0.5
-0.47647154111 -1.68186273374 0.5
-0.478882512082 -1.61839621549 0.5
-0.479365192196 -1.55492969723 0.5
-0.477917637871 -1.49146317898 0.5
-0.474545677896 -1.42799666072 0.5
-0.469262889964 -1.36453014247 0.5
-0.462090545997 -1.30106362421 0.5
-0.453057526494 -1.23759710596 0.5
-0.442200204235 -1.17413058771 0.5
-0.429562297826 -1.11066406945 0.5
-0.415194695654 -1.0471975512 0.5
-0.399155250984 -0.983731032942 0.5
-0.381508548997 -0.920264514688 0.5
-0.362325646735 -0.856797996434 0.5
-0.341683786973 -0.793331478179 0.5
-0.319666087197 -0.729864959925 0.5
-0.296361204912 -0.666398441671 0.5
-0.271862980653 -0.602931923416 0.5
-0.246270060124 -0.539465405162 0.5
-0.219685496982 -0.475998886908 0.5
-0.19221633788 -0.412532368653 0.5
-0.163973191427 -0.349065850399 0.5
-0.135069782806 -0.285599332145 0.5
-0.105622495841 -0.22213281389 0.5
-0.0757499043647 -0.158666295636 0.5
-0.0455722947587 -0.0951997773815 0.5
-0.0152111816061 -0.0317332591272 0.5
0.0152111816061 0.0317332591272 0.5
0.0455722947587 0.0951997773815 0.5
0.0757499043647 0.158666295636 0.5
0.105622495841 0.22213281389 0.5
0.135069782806 0.285599332145 0.5
0.163973191427 0.349065850399 0.5
0.19221633788 0.412532368653 0.5
0.219685496982 0.475998886908 0.5
0.246270060124 0.539465405162 0.5
0.271862980653 0.602931923416 0.5
0.296361204912 0.666398441671 0.5
0.319666087197 0.729864959925 0.5
0.341683786973 0.793331478179 0.5
0.362325646735 0.856797996434 0.5
0.381508548997 0.920264514688 0.5
0.399155250984 0.983731032942 0.5
0.415194695654 1.0471975512 0.5
0.429562297826 1.11066406945 0.5
0.442200204235 1.17413058771 0.5
0.453057526494 1.23759710596 0.5
0.462090545997 1.30106362421 0.5
0.469262889964 1.36453014247 0.5
0.474545677896 1.42799666072 0.5
0.477917637871 1.49146317898 0.5
0.479365192196 1.55492969723 0.5
0.478882512082 1.61839621549 0.5
0.47647154111 1.68186273374 0.5
0.472141987409 1.74532925199 0.5
0.465911284565 1.80879577025 0.5
0.457804521419 1.8722622885 0.5
0.447854341044 1.93572880676 0.5
0.436100809304 1.99919532501 0.5
0.422591253525 2.06266184327 0.5
0.407380071919 2.12612836152 0.5
0.390528514546 2.18959487977 0.5
0.372104436679 2.25306139803 0.5
0.352182025577 2.31652791628 0.5
0.330841501759 2.37999443454 0.5
0.308168795982 2.44346095279 0.5
0.28425520323 2.50692747105 0.5
0.2591970151 2.5703939893 0.5
0.233095132073 2.63386050756 0.5
0.206054657218 2.69732702581 0.5
0.178184472984 2.76079354406 0.5
0.149596802767 2.82426006232 0.5
0.120406759024 2.88772658057 0.5
0.090731879759 2.95119309883 0.5
0.0606916552378 3.01465961708 0.5
0.0304070468417 3.07812613534 0.5
5.87126951281e-17 3.14159265359 0.5
-1.03050474812e-16 -3.14159265359 1.0
-0.0533693881338 -3.07812613534 1.0
-0.106523876578 -3.01465961708 1.0
-0.159249430968 -2.95119309883 1.0
-0.211333744106 -2.88772658057 1.0
-0.262567090845 -2.82426006232 1.0
-0.312743172581 -2.76079354406 1.0
-0.361659947941 -2.69732702581 1.0
-0.409120446337 -2.63386050756 1.0
-0.454933561092 -2.5703939893 1.0
-0.498914818962 -2.50692747105 1.0
-0.540887122945 -2.44346095279 1.0
-0.580681465387 -2.37999443454 1.0
-0.618137608516 -2.31652791628 1.0
-0.653104729663 -2.25306139803 1.0
-0.685442028573 -2.18959487977 1.0
-0.715019294356 -2.12612836152 1.0
-0.741717429802 -2.06266184327 1.0
-0.765428930944 -1.99919532501 1.0
-0.786058319933 -1.93572880676 1.0
-0.803522529503 -1.8722622885 1.0
-0.817751237445 -1.80879577025 1.0
-0.828687149774 -1.74532925199 1.0
-0.83628623143 -1.68186273374 1.0
-0.840517883595 -1.61839621549 1.0
-0.841365066898 -1.55492969723 1.0
-0.838824370031 -1.49146317898 1.0
-0.832906023484 -1.42799666072 1.0
-0.823633858349 -1.36453014247 1.0
-0.811045210363 -1.30106362421 1.0
-0.795190769568 -1.23759710596 1.0
-0.776134376202 -1.17413058771 1.0
-0.753952763635 -1.11066406945 1.0
-0.728735249391 -1.0471975512 1.0
-0.700583375501 -0.983731032942 1.0
-0.669610499624 -0.920264514688 1.0
-0.6359413386 -0.856797996434 1.0
-0.599711466257 -0.793331478179 1.0
-0.561066767504 -0.729864959925 1.0
-0.520162850903 -0.666398441671 1.0
-0.47716442209 -0.602931923416 1.0
-0.432244620561 -0.539465405162 1.0
-0.385584322503 -0.475998886908 1.0
-0.337371412468 -0.412532368653 1.0
-0.287800026828 -0.349065850399 1.0
-0.237069772058 -0.285599332145 1.0
-0.185384920987 -0.22213281389 1.0
-0.132953590271 -0.158666295636 1.0
-0.0799869023711 -0.0951997773815 1.0
-0.0266981354465 -0.0317332591272 1.0
0.0266981354465 0.0317332591272 1.0
0.0799869023711 0.0951997773815 1.0
0.132953590271 0.158666295636 1.0
0.185384920987 0.22213281389 1.0
0.237069772058 0.285599332145 1.0
0.287800026828 0.349065850399 1.0
0.337371412468 0.412532368653 1.0
0.385584322503 0.475998886908 1.0
0.432244620561 0.539465405162 1.0
0.47716442209 0.602931923416 1.0
0.520162850903 0.666398441671 1.0
0.561066767504 0.729864959925 1.0
0.599711466257 0.793331478179 1.0
0.6359413386 0.856797996434 1.0
0.669610499624 0.920264514688 1.0
0.700583375501 0.983731032942 1.0
0.728735249391 1.0471975512 1.0
0.753952763635 1.11066406945 1.0
0.776134376202 1.17413058771 1.0
0.795190769568 1.23759710596 1.0
0.811045210363 1.30106362421 1.0
0.823633858349 1.36453014247 1.0
0.832906023484 1.42799666072 1.0
0.838824370031 1.49146317898 1.0
0.841365066898 1.55492969723 1.0
0.840517883595 1.61839621549 1.0
0.83628623143 1.68186273374 1.0
0.828687149774 1.74532925199 1.0
0.817751237445 1.80879577025 1.0
0.803522529503 1.8722622885 1.0
0.786058319933 1.93572880676 1.0
0.765428930944 1.99919532501 1.0
0.741717429802 2.06266184327 1.0
0.715019294356 2.12612836152 1.0
0.685442028573 2.18959487977 1.0
0.653104729663 2.25306139803 1.0
0.618137608516 2.31652791628 1.0
0.580681465387 2.37999443454 1.0
0.540887122945 2.44346095279 1.0
0.498914818962 2.50692747105 1.0
0.454933561092 2.5703939893 1.0
0.409120446337 2.63386050756 1.0
0.361659947941 2.69732702581 1.0
0.312743172581 2.76079354406 1.0
0.262567090845 2.82426006232 1.0
0.211333744106 2.88772658057 1.0
0.159249430968 2.95119309883 1.0
0.106523876578 3.01465961708 1.0
0.0533693881338 3.07812613534 1.0
1.03050474812e-16 3.14159265359 1.0
