-0.544021110889 -10.0 -1.0
-0.364598733656 -9.79797979798 -1.0
-0.170346832328 -9.59595959596 -1.0
0.0308336790611 -9.39393939394 -1.0
0.230760075325 -9.19191919192 -1.0
0.421300640589 -8.9898989899 -1.0
0.594705414024 -8.78787878788 -1.0
0.743921408257 -8.58585858586 -1.0
0.862879479382 -8.38383838384 -1.0
0.946741180583 -8.18181818182 -1.0
0.992095558932 -7.9797979798 -1.0
0.997097890944 -7.77777777778 -1.0
0.961544714027 -7.57575757576 -1.0
0.886882102029 -7.37373737374 -1.0
0.776146848284 -7.17171717172 -1.0
0.633842948449 -6.9696969697 -1.0
0.465758407026 -6.76767676768 -1.0
0.278729818678 -6.56565656566 -1.0
0.0803642996703 -6.36363636364 -1.0
-0.121269920537 -6.16161616162 -1.0
-0.317971662811 -5.9595959596 -1.0
-0.501740369394 -5.75757575758 -1.0
-0.665101514979 -5.55555555556 -1.0
-0.801410622169 -5.35353535354 -1.0
-0.90512351595 -5.15151515152 -1.0
-0.972021824959 -4.94949494949 -1.0
-0.999384557612 -4.74747474747 -1.0
-0.986098774491 -4.54545454545 -1.0
-0.932704855532 -4.34343434343 -1.0
-0.841374520861 -4.14141414141 -1.0
-0.715822499229 -3.93939393939 -1.0
-0.561155436815 -3.73737373737 -1.0
-0.383664191806 -3.53535353535 -1.0
-0.190567962875 -3.33333333333 -1.0
0.0102793412405 -3.13131313131 -1.0
0.210708548077 -2.92929292929 -1.0
0.402567490669 -2.72727272727 -1.0
0.578052585107 -2.52525252525 -1.0
0.730026229976 -2.32323232323 -1.0
0.85230711794 -2.12121212121 -1.0
0.93992165143 -1.91919191919 -1.0
0.989306236514 -1.71717171717 -1.0
0.9984522269 -1.51515151515 -1.0
0.966987622709 -1.31313131313 -1.0
0.89619220103 -1.11111111111 -1.0
0.788945462844 -0.909090909091 -1.0
0.649609513506 -0.707070707071 -1.0
0.483851640438 -0.505050505051 -1.0
0.298413804448 -0.30303030303 -1.0
0.100838420258 -0.10101010101 -1.0
-0.100838420258 0.10101010101 -1.0
-0.298413804448 0.30303030303 -1.0
-0.483851640438 0.505050505051 -1.0
-0.649609513506 0.707070707071 -1.0
-0.788945462844 0.909090909091 -1.0
-0.89619220103 1.11111111111 -1.0
-0.966987622709 1.31313131313 -1.0
-0.9984522269 1.51515151515 -1.0
-0.989306236514 1.71717171717 -1.0
-0.93992165143 1.91919191919 -1.0
-0.85230711794 2.12121212121 -1.0
-0.730026229976 2.32323232323 -1.0
-0.578052585107 2.52525252525 -1.0
-0.402567490669 2.72727272727 -1.0
-0.210708548077 2.92929292929 -1.0
-0.0102793412405 3.13131313131 -1.0
0.190567962875 3.33333333333 -1.0
0.383664191806 3.53535353535 -1.0
0.561155436815 3.73737373737 -1.0
0.715822499229 3.93939393939 -1.0
0.841374520861 4.14141414141 -1.0
0.932704855532 4.34343434343 -1.0
0.986098774491 4.54545454545 -1.0
0.999384557612 4.74747474747 -1.0
0.972021824959 4.94949494949 -1.0
0.90512351595 5.15151515152 -1.0
0.801410622169 5.35353535354 -1.0
0.665101514979 5.55555555556 -1.0
0.501740369394 5.75757575758 -1.0
0.317971662811 5.9595959596 -1.0
0.121269920537 6.16161616162 -1.0
-0.0803642996703 6.36363636364 -1.0
-0.278729818678 6.56565656566 -1.0
-0.465758407026 6.76767676768 -1.0
-0.633842948449 6.9696969697 -1.0
-0.776146848284 7.17171717172 -1.0
-0.886882102029 7.37373737374 -1.0
-0.961544714027 7.57575757576 -1.0
-0.997097890944 7.77777777778 -1.0
-0.992095558932 7.9797979798 -1.0
-0.946741180583 8.18181818182 -1.0
-0.862879479382 8.38383838384 -1.0
-0.743921408257 8.58585858586 -1.0
-0.594705414024 8.78787878788 -1.0
-0.421300640589 8.9898989899 -1.0
-0.230760075325 9.19191919192 -1.0
-0.0308336790611 9.39393939394 -1.0
0.170346832328 9.59595959596 -1.0
0.364598733656 9.79797979798 -1.0
0.544021110889 10.0 -1.0
0.997097890944 -10.0 -0.777777777778
0.972901675589 -9.79797979798 -0.777777777778
0.924735025429 -9.59595959596 -0.777777777778
0.853784674515 -9.39393939394 -0.777777777778
0.761798703671 -9.19191919192 -0.777777777778
0.651043471123 -8.9898989899 -0.777777777778
0.524247773776 -8.78787878788 -0.777777777778
0.384535614882 -8.58585858586 -0.777777777778
0.235349234575 -8.38383838384 -0.777777777778
0.0803642996703 -8.18181818182 -0.777777777778
-0.0766006577319 -7.9797979798 -0.777777777778
-0.231678321569 -7.77777777778 -0.777777777778
-0.381047875077 -7.57575757576 -0.777777777778
-0.521029138405 -7.37373737374 -0.777777777778
-0.648173241199 -7.17171717172 -0.777777777778
-0.759347596165 -6.9696969697 -0.777777777778
-0.851813080024 -6.76767676768 -0.777777777778
-0.923291520266 -6.56565656566 -0.777777777778
-0.972021824959 -6.36363636364 -0.777777777778
-0.996803372681 -6.16161616162 -0.777777777778
-0.997025593539 -5.9595959596 -0.777777777778
-0.972683012435 -5.75757575758 -0.777777777778
-0.924375383968 -5.55555555556 -0.777777777778
-0.853292915624 -5.35353535354 -0.777777777778
-0.761186943347 -5.15151515152 -0.777777777778
-0.65032678197 -4.94949494949 -0.777777777778
-0.523443813643 -4.74747474747 -0.777777777778
-0.383664191806 -4.54545454545 -0.777777777778
-0.234431818754 -4.34343434343 -0.777777777778
-0.0794234944733 -4.14141414141 -0.777777777778
0.0775416726659 -3.93939393939 -0.777777777778
0.232596361433 -3.73737373737 -0.777777777778
0.381920321127 -3.53535353535 -0.777777777778
0.521834495241 -3.33333333333 -0.777777777778
0.648891666369 -3.13131313131 -0.777777777778
0.759961389049 -2.92929292929 -0.777777777778
0.85230711794 -2.72727272727 -0.777777777778
0.923653631065 -2.52525252525 -0.777777777778
0.972243086924 -2.32323232323 -0.777777777778
0.996878334342 -2.12121212121 -0.777777777778
0.996952407984 -1.91919191919 -0.777777777778
0.972463482815 -1.71717171717 -0.777777777778
0.924014919073 -1.51515151515 -0.777777777778
0.852800396619 -1.31313131313 -0.777777777778
0.760574504958 -1.11111111111 -0.777777777778
0.649609513506 -0.909090909091 -0.777777777778
0.522639387225 -0.707070707071 -0.777777777778
0.382792426962 -0.505050505051 -0.777777777778
0.233514194101 -0.30303030303 -0.777777777778
0.0784826185258 -0.10101010101 -0.777777777778
-0.0784826185258 0.10101010101 -0.777777777778
-0.233514194101 0.30303030303 -0.777777777778
-0.382792426962 0.505050505051 -0.777777777778
-0.522639387225 0.707070707071 -0.777777777778
-0.649609513506 0.909090909091 -0.777777777778
-0.760574504958 1.11111111111 -0.777777777778
-0.852800396619 1.31313131313 -0.777777777778
-0.924014919073 1.51515151515 -0.777777777778
-0.972463482815 1.71717171717 -0.777777777778
-0.996952407984 1.91919191919 -0.777777777778
-0.996878334342 2.12121212121 -0.777777777778
-0.972243086924 2.32323232323 -0.777777777778
-0.923653631065 2.52525252525 -0.777777777778
-0.85230711794 2.72727272727 -0.777777777778
-0.759961389049 2.92929292929 -0.777777777778
-0.648891666369 3.13131313131 -0.777777777778
-0.521834495241 3.33333333333 -0.777777777778
-0.381920321127 3.53535353535 -0.777777777778
-0.232596361433 3.73737373737 -0.777777777778
-0.0775416726659 3.93939393939 -0.777777777778
0.0794234944733 4.14141414141 -0.777777777778
0.234431818754 4.34343434343 -0.777777777778
0.383664191806 4.54545454545 -0.777777777778
0.523443813643 4.74747474747 -0.777777777778
0.65032678197 4.94949494949 -0.777777777778
0.761186943347 5.15151515152 -0.777777777778
0.853292915624 5.35353535354 -0.777777777778
0.924375383968 5.55555555556 -0.777777777778
0.972683012435 5.75757575758 -0.777777777778
0.997025593539 5.9595959596 -0.777777777778
0.996803372681 6.16161616162 -0.777777777778
0.972021824959 6.36363636364 -0.777777777778
0.923291520266 6.56565656566 -0.777777777778
0.851813080024 6.76767676768 -0.777777777778
0.759347596165 6.9696969697 -0.777777777778
0.648173241199 7.17171717172 -0.777777777778
0.521029138405 7.37373737374 -0.777777777778
0.381047875077 7.57575757576 -0.777777777778
0.231678321569 7.77777777778 -0.777777777778
0.0766006577319 7.9797979798 -0.777777777778
-0.0803642996703 8.18181818182 -0.777777777778
-0.235349234575 8.38383838384 -0.777777777778
-0.384535614882 8.58585858586 -0.777777777778
-0.524247773776 8.78787878788 -0.777777777778
-0.651043471123 8.9898989899 -0.777777777778
-0.761798703671 9.19191919192 -0.777777777778
-0.853784674515 9.39393939394 -0.777777777778
-0.924735025429 9.59595959596 -0.777777777778
-0.972901675589 9.79797979798 -0.777777777778
-0.997097890944 10.0 -0.777777777778
-0.665101514979 -10.0 -0.555555555556
-0.744551802214 -9.79797979798 -0.555555555556
-0.814633297682 -9.59595959596 -0.555555555556
-0.87446415685 -9.39393939394 -0.555555555556
-0.923291520266 -9.19191919192 -0.555555555556
-0.960500986893 -8.9898989899 -0.555555555556
-0.985624345192 -8.78787878788 -0.555555555556
-0.998345464691 -8.58585858586 -0.555555555556
-0.998504273896 -8.38383838384 -0.555555555556
-0.986098774491 -8.18181818182 -0.555555555556
-0.961285066481 -7.9797979798 -0.555555555556
-0.924375383968 -7.77777777778 -0.555555555556
-0.875834166268 -7.57575757576 -0.555555555556
-0.81627221381 -7.37373737374 -0.555555555556
-0.746439002358 -7.17171717172 -0.555555555556
-0.667213252256 -6.9696969697 -0.555555555556
-0.579591871379 -6.76767676768 -0.555555555556
-0.484677410912 -6.56565656566 -0.555555555556
-0.383664191806 -6.36363636364 -0.555555555556
-0.27782327648 -6.16161616162 -0.555555555556
-0.16848647488 -5.9595959596 -0.555555555556
-0.0570295861438 -5.75757575758 -0.555555555556
0.0551449132618 -5.55555555556 -0.555555555556
0.166625517081 -5.35353535354 -0.555555555556
0.276009450437 -5.15151515152 -0.555555555556
0.381920321127 -4.94949494949 -0.555555555556
0.483025438948 -4.74747474747 -0.555555555556
0.578052585107 -4.54545454545 -0.555555555556
0.665806020714 -4.34343434343 -0.555555555556
0.745181532923 -4.14141414141 -0.555555555556
0.815180329383 -3.93939393939 -0.555555555556
0.874921606172 -3.73737373737 -0.555555555556
0.923653631065 -3.53535353535 -0.555555555556
0.960763202681 -3.33333333333 -0.555555555556
0.985783366475 -3.13131313131 -0.555555555556
0.998399290483 -2.92929292929 -0.555555555556
0.9984522269 -2.72727272727 -0.555555555556
0.985941509621 -2.52525252525 -0.555555555556
0.961024562622 -2.32323232323 -0.555555555556
0.924014919073 -2.12121212121 -0.555555555556
0.875378276114 -1.91919191919 -0.555555555556
0.815726634922 -1.71717171717 -0.555555555556
0.745810599825 -1.51515151515 -0.555555555556
0.666509933348 -1.31313131313 -0.555555555556
0.57882248605 -1.11111111111 -0.555555555556
0.483851640438 -0.909090909091 -0.555555555556
0.382792426962 -0.707070707071 -0.555555555556
0.276916486797 -0.505050505051 -0.555555555556
0.16755607061 -0.30303030303 -0.555555555556
0.0560872746841 -0.10101010101 -0.555555555556
-0.0560872746841 0.10101010101 -0.555555555556
-0.16755607061 0.30303030303 -0.555555555556
-0.276916486797 0.505050505051 -0.555555555556
-0.382792426962 0.707070707071 -0.555555555556
-0.483851640438 0.909090909091 -0.555555555556
-0.57882248605 1.11111111111 -0.555555555556
-0.666509933348 1.31313131313 -0.555555555556
-0.745810599825 1.51515151515 -0.555555555556
-0.815726634922 1.71717171717 -0.555555555556
-0.875378276114 1.91919191919 -0.555555555556
-0.924014919073 2.12121212121 -0.555555555556
-0.961024562622 2.32323232323 -0.555555555556
-0.985941509621 2.52525252525 -0.555555555556
-0.9984522269 2.72727272727 -0.555555555556
-0.998399290483 2.92929292929 -0.555555555556
-0.985783366475 3.13131313131 -0.555555555556
-0.960763202681 3.33333333333 -0.555555555556
-0.923653631065 3.53535353535 -0.555555555556
-0.874921606172 3.73737373737 -0.555555555556
-0.815180329383 3.93939393939 -0.555555555556
-0.745181532923 4.14141414141 -0.555555555556
-0.665806020714 4.34343434343 -0.555555555556
-0.578052585107 4.54545454545 -0.555555555556
-0.483025438948 4.74747474747 -0.555555555556
-0.381920321127 4.94949494949 -0.555555555556
-0.276009450437 5.15151515152 -0.555555555556
-0.166625517081 5.35353535354 -0.555555555556
-0.0551449132618 5.55555555556 -0.555555555556
0.0570295861438 5.75757575758 -0.555555555556
0.16848647488 5.9595959596 -0.555555555556
0.27782327648 6.16161616162 -0.555555555556
0.383664191806 6.36363636364 -0.555555555556
0.484677410912 6.56565656566 -0.555555555556
0.579591871379 6.76767676768 -0.555555555556
0.667213252256 6.9696969697 -0.555555555556
0.746439002358 7.17171717172 -0.555555555556
0.81627221381 7.37373737374 -0.555555555556
0.875834166268 7.57575757576 -0.555555555556
0.924375383968 7.77777777778 -0.555555555556
0.961285066481 7.9797979798 -0.555555555556
0.986098774491 8.18181818182 -0.555555555556
0.998504273896 8.38383838384 -0.555555555556
0.998345464691 8.58585858586 -0.555555555556
0.985624345192 8.78787878788 -0.555555555556
0.960500986893 8.9898989899 -0.555555555556
0.923291520266 9.19191919192 -0.555555555556
0.87446415685 9.39393939394 -0.555555555556
0.814633297682 9.59595959596 -0.555555555556
0.744551802214 9.79797979798 -0.555555555556
0.665101514979 10.0 -0.555555555556
-0.190567962875 -10.0 -0.333333333333
-0.12408000005 -9.79797979798 -0.333333333333
-0.0570295861438 -9.59595959596 -0.333333333333
0.0102793412405 -9.39393939394 -0.333333333333
0.0775416726659 -9.19191919192 -0.333333333333
0.144452509913 -8.9898989899 -0.333333333333
0.210708548077 -8.78787878788 -0.333333333333
0.276009450437 -8.58585858586 -0.333333333333
0.340059209875 -8.38383838384 -0.333333333333
0.402567490669 -8.18181818182 -0.333333333333
0.463250944577 -7.9797979798 -0.333333333333
0.521834495241 -7.77777777778 -0.333333333333
0.578052585107 -7.57575757576 -0.333333333333
0.631650379186 -7.37373737374 -0.333333333333
0.682384920216 -7.17171717172 -0.333333333333
0.730026229976 -6.9696969697 -0.333333333333
0.774358351778 -6.76767676768 -0.333333333333
0.815180329383 -6.56565656566 -0.333333333333
0.85230711794 -6.36363636364 -0.333333333333
0.885570422779 -6.16161616162 -0.333333333333
0.914819462295 -5.9595959596 -0.333333333333
0.93992165143 -5.75757575758 -0.333333333333
0.960763202681 -5.55555555556 -0.333333333333
0.977249641895 -5.35353535354 -0.333333333333
0.989306236514 -5.15151515152 -0.333333333333
0.996878334342 -4.94949494949 -0.333333333333
0.999931611277 -4.74747474747 -0.333333333333
0.9984522269 -4.54545454545 -0.333333333333
0.992446887221 -4.34343434343 -0.333333333333
0.98194281427 -4.14141414141 -0.333333333333
0.966987622709 -3.93939393939 -0.333333333333
0.947649103993 -3.73737373737 -0.333333333333
0.924014919073 -3.53535353535 -0.333333333333
0.89619220103 -3.33333333333 -0.333333333333
0.864307069447 -3.13131313131 -0.333333333333
0.828504058712 -2.92929292929 -0.333333333333
0.788945462844 -2.72727272727 -0.333333333333
0.745810599825 -2.52525252525 -0.333333333333
0.69929499875 -2.32323232323 -0.333333333333
0.649609513506 -2.12121212121 -0.333333333333
0.596979366971 -1.91919191919 -0.333333333333
0.54164313009 -1.71717171717 -0.333333333333
0.483851640438 -1.51515151515 -0.333333333333
0.423866865179 -1.31313131313 -0.333333333333
0.361960713579 -1.11111111111 -0.333333333333
0.298413804448 -0.909090909091 -0.333333333333
0.233514194101 -0.707070707071 -0.333333333333
0.16755607061 -0.505050505051 -0.333333333333
0.100838420258 -0.30303030303 -0.333333333333
0.0336636722396 -0.10101010101 -0.333333333333
-0.0336636722396 0.10101010101 -0.333333333333
-0.100838420258 0.30303030303 -0.333333333333
-0.16755607061 0.505050505051 -0.333333333333
-0.233514194101 0.707070707071 -0.333333333333
-0.298413804448 0.909090909091 -0.333333333333
-0.361960713579 1.11111111111 -0.333333333333
-0.423866865179 1.31313131313 -0.333333333333
-0.483851640438 1.51515151515 -0.333333333333
-0.54164313009 1.71717171717 -0.333333333333
-0.596979366971 1.91919191919 -0.333333333333
-0.649609513506 2.12121212121 -0.333333333333
-0.69929499875 2.32323232323 -0.333333333333
-0.745810599825 2.52525252525 -0.333333333333
-0.788945462844 2.72727272727 -0.333333333333
-0.828504058712 2.92929292929 -0.333333333333
-0.864307069447 3.13131313131 -0.333333333333
-0.89619220103 3.33333333333 -0.333333333333
-0.924014919073 3.53535353535 -0.333333333333
-0.947649103993 3.73737373737 -0.333333333333
-0.966987622709 3.93939393939 -0.333333333333
-0.98194281427 4.14141414141 -0.333333333333
-0.992446887221 4.34343434343 -0.333333333333
-0.9984522269 4.54545454545 -0.333333333333
-0.999931611277 4.74747474747 -0.333333333333
-0.996878334342 4.94949494949 -0.333333333333
-0.989306236514 5.15151515152 -0.333333333333
-0.977249641895 5.35353535354 -0.333333333333
-0.960763202681 5.55555555556 -0.333333333333
-0.93992165143 5.75757575758 -0.333333333333
-0.914819462295 5.9595959596 -0.333333333333
-0.885570422779 6.16161616162 -0.333333333333
-0.85230711794 6.36363636364 -0.333333333333
-0.815180329383 6.56565656566 -0.333333333333
-0.774358351778 6.76767676768 -0.333333333333
-0.730026229976 6.9696969697 -0.333333333333
-0.682384920216 7.17171717172 -0.333333333333
-0.631650379186 7.37373737374 -0.333333333333
-0.578052585107 7.57575757576 -0.333333333333
-0.521834495241 7.77777777778 -0.333333333333
-0.463250944577 7.9797979798 -0.333333333333
-0.402567490669 8.18181818182 -0.333333333333
-0.340059209875 8.38383838384 -0.333333333333
-0.276009450437 8.58585858586 -0.333333333333
-0.210708548077 8.78787878788 -0.333333333333
-0.144452509913 8.9898989899 -0.333333333333
-0.0775416726659 9.19191919192 -0.333333333333
-0.0102793412405 9.39393939394 -0.333333333333
0.0570295861438 9.59595959596 -0.333333333333
0.12408000005 9.79797979798 -0.333333333333
0.190567962875 10.0 -0.333333333333
0.89619220103 -10.0 -0.111111111111
0.886008438582 -9.79797979798 -0.111111111111
0.875378276114 -9.59595959596 -0.111111111111
0.864307069447 -9.39393939394 -0.111111111111
0.852800396619 -9.19191919192 -0.111111111111
0.840864055068 -8.9898989899 -0.111111111111
0.828504058712 -8.78787878788 -0.111111111111
0.815726634922 -8.58585858586 -0.111111111111
0.802538221381 -8.38383838384 -0.111111111111
0.788945462844 -8.18181818182 -0.111111111111
0.774955207787 -7.9797979798 -0.111111111111
0.760574504958 -7.77777777778 -0.111111111111
0.745810599825 -7.57575757576 -0.111111111111
0.730670930926 -7.37373737374 -0.111111111111
0.715163126121 -7.17171717172 -0.111111111111
0.69929499875 -6.9696969697 -0.111111111111
0.683074543694 -6.76767676768 -0.111111111111
0.666509933348 -6.56565656566 -0.111111111111
0.649609513506 -6.36363636364 -0.111111111111
0.63238179915 -6.16161616162 -0.111111111111
0.614835470167 -5.9595959596 -0.111111111111
0.596979366971 -5.75757575758 -0.111111111111
0.57882248605 -5.55555555556 -0.111111111111
0.560373975436 -5.35353535354 -0.111111111111
0.54164313009 -5.15151515152 -0.111111111111
0.522639387225 -4.94949494949 -0.111111111111
0.503372321549 -4.74747474747 -0.111111111111
0.483851640438 -4.54545454545 -0.111111111111
0.46408717905 -4.34343434343 -0.111111111111
0.444088895368 -4.14141414141 -0.111111111111
0.423866865179 -3.93939393939 -0.111111111111
0.403431277005 -3.73737373737 -0.111111111111
0.382792426962 -3.53535353535 -0.111111111111
0.361960713579 -3.33333333333 -0.111111111111
0.340946632554 -3.13131313131 -0.111111111111
0.319760771466 -2.92929292929 -0.111111111111
0.298413804448 -2.72727272727 -0.111111111111
0.276916486797 -2.52525252525 -0.111111111111
0.255279649566 -2.32323232323 -0.111111111111
0.233514194101 -2.12121212121 -0.111111111111
0.211631086549 -1.91919191919 -0.111111111111
0.189641352337 -1.71717171717 -0.111111111111
0.16755607061 -1.51515151515 -0.111111111111
0.145386368657 -1.31313131313 -0.111111111111
0.123143416297 -1.11111111111 -0.111111111111
0.100838420258 -0.909090909091 -0.111111111111
0.0784826185258 -0.707070707071 -0.111111111111
0.0560872746841 -0.505050505051 -0.111111111111
0.0336636722396 -0.30303030303 -0.111111111111
0.0112231089363 -0.10101010101 -0.111111111111
-0.0112231089363 0.10101010101 -0.111111111111
-0.0336636722396 0.30303030303 -0.111111111111
-0.0560872746841 0.505050505051 -0.111111111111
-0.0784826185258 0.707070707071 -0.111111111111
-0.100838420258 0.909090909091 -0.111111111111
-0.123143416297 1.11111111111 -0.111111111111
-0.145386368657 1.31313131313 -0.111111111111
-0.16755607061 1.51515151515 -0.111111111111
-0.189641352337 1.71717171717 -0.111111111111
-0.211631086549 1.91919191919 -0.111111111111
-0.233514194101 2.12121212121 -0.111111111111
-0.255279649566 2.32323232323 -0.111111111111
-0.276916486797 2.52525252525 -0.111111111111
-0.298413804448 2.72727272727 -0.111111111111
-0.319760771466 2.92929292929 -0.111111111111
-0.340946632554 3.13131313131 -0.111111111111
-0.361960713579 3.33333333333 -0.111111111111
-0.382792426962 3.53535353535 -0.111111111111
-0.403431277005 3.73737373737 -0.111111111111
-0.423866865179 3.93939393939 -0.111111111111
-0.444088895368 4.14141414141 -0.111111111111
-0.46408717905 4.34343434343 -0.111111111111
-0.483851640438 4.54545454545 -0.111111111111
-0.503372321549 4.74747474747 -0.111111111111
-0.522639387225 4.94949494949 -0.111111111111
-0.54164313009 5.15151515152 -0.111111111111
-0.560373975436 5.35353535354 -0.111111111111
-0.57882248605 5.55555555556 -0.111111111111
-0.596979366971 5.75757575758 -0.111111111111
-0.614835470167 5.9595959596 -0.111111111111
-0.63238179915 6.16161616162 -0.111111111111
-0.649609513506 6.36363636364 -0.111111111111
-0.666509933348 6.56565656566 -0.111111111111
-0.683074543694 6.76767676768 -0.111111111111
-0.69929499875 6.9696969697 -0.111111111111
-0.715163126121 7.17171717172 -0.111111111111
-0.730670930926 7.37373737374 -0.111111111111
-0.745810599825 7.57575757576 -0.111111111111
-0.760574504958 7.77777777778 -0.111111111111
-0.774955207787 7.9797979798 -0.111111111111
-0.788945462844 8.18181818182 -0.111111111111
-0.802538221381 8.38383838384 -0.111111111111
-0.815726634922 8.58585858586 -0.111111111111
-0.828504058712 8.78787878788 -0.111111111111
-0.840864055068 8.9898989899 -0.111111111111
-0.852800396619 9.19191919192 -0.111111111111
-0.864307069447 9.39393939394 -0.111111111111
-0.875378276114 9.59595959596 -0.111111111111
-0.886008438582 9.79797979798 -0.111111111111
-0.89619220103 10.0 -0.111111111111
-0.89619220103 -10.0 0.111111111111
-0.886008438582 -9.79797979798 0.111111111111
-0.875378276114 -9.59595959596 0.111111111111
-0.864307069447 -9.39393939394 0.111111111111
-0.852800396619 -9.19191919192 0.111111111111
-0.840864055068 -8.9898989899 0.111111111111
-0.828504058712 -8.78787878788 0.111111111111
-0.815726634922 -8.58585858586 0.111111111111
-0.802538221381 -8.38383838384 0.111111111111
-0.788945462844 -8.18181818182 0.111111111111
-0.774955207787 -7.9797979798 0.111111111111
-0.760574504958 -7.77777777778 0.111111111111
-0.745810599825 -7.57575757576 0.111111111111
-0.730670930926 -7.37373737374 0.111111111111
-0.715163126121 -7.17171717172 0.111111111111
-0.69929499875 -6.9696969697 0.111111111111
-0.683074543694 -6.76767676768 0.111111111111
-0.666509933348 -6.56565656566 0.111111111111
-0.649609513506 -6.36363636364 0.111111111111
-0.63238179915 -6.16161616162 0.111111111111
-0.614835470167 -5.9595959596 0.111111111111
-0.596979366971 -5.75757575758 0.111111111111
-0.57882248605 -5.55555555556 0.111111111111
-0.560373975436 -5.35353535354 0.111111111111
-0.54164313009 -5.15151515152 0.111111111111
-0.522639387225 -4.94949494949 0.111111111111
-0.503372321549 -4.74747474747 0.111111111111
-0.483851640438 -4.54545454545 0.111111111111
-0.46408717905 -4.34343434343 0.111111111111
-0.444088895368 -4.14141414141 0.111111111111
-0.423866865179 -3.93939393939 0.111111111111
-0.403431277005 -3.73737373737 0.111111111111
-0.382792426962 -3.53535353535 0.111111111111
-0.361960713579 -3.33333333333 0.111111111111
-0.340946632554 -3.13131313131 0.111111111111
-0.319760771466 -2.92929292929 0.111111111111
-0.298413804448 -2.72727272727 0.111111111111
-0.276916486797 -2.52525252525 0.111111111111
-0.255279649566 -2.32323232323 0.111111111111
-0.233514194101 -2.12121212121 0.111111111111
-0.211631086549 -1.91919191919 0.111111111111
-0.189641352337 -1.71717171717 0.111111111111
-0.16755607061 -1.51515151515 0.111111111111
-0.145386368657 -1.31313131313 0.111111111111
-0.123143416297 -1.11111111111 0.111111111111
-0.100838420258 -0.909090909091 0.111111111111
-0.0784826185258 -0.707070707071 0.111111111111
-0.0560872746841 -0.505050505051 0.111111111111
-0.0336636722396 -0.30303030303 0.111111111111
-0.0112231089363 -0.10101010101 0.111111111111
0.0112231089363 0.10101010101 0.111111111111
0.0336636722396 0.30303030303 0.111111111111
0.0560872746841 0.505050505051 0.111111111111
0.0784826185258 0.707070707071 0.111111111111
0.100838420258 0.909090909091 0.111111111111
0.123143416297 1.11111111111 0.111111111111
0.145386368657 1.31313131313 0.111111111111
0.16755607061 1.51515151515 0.111111111111
0.189641352337 1.71717171717 0.111111111111
0.211631086549 1.91919191919 0.111111111111
0.233514194101 2.12121212121 0.111111111111
0.255279649566 2.32323232323 0.111111111111
0.276916486797 2.52525252525 0.111111111111
0.298413804448 2.72727272727 0.111111111111
0.319760771466 2.92929292929 0.111111111111
0.340946632554 3.13131313131 0.111111111111
0.361960713579 3.33333333333 0.111111111111
0.382792426962 3.53535353535 0.111111111111
0.403431277005 3.73737373737 0.111111111111
0.423866865179 3.93939393939 0.111111111111
0.444088895368 4.14141414141 0.111111111111
0.46408717905 4.34343434343 0.111111111111
0.483851640438 4.54545454545 0.111111111111
0.503372321549 4.74747474747 0.111111111111
0.522639387225 4.94949494949 0.111111111111
0.54164313009 5.15151515152 0.111111111111
0.560373975436 5.35353535354 0.111111111111
0.57882248605 5.55555555556 0.111111111111
0.596979366971 5.75757575758 0.111111111111
0.614835470167 5.9595959596 0.111111111111
0.63238179915 6.16161616162 0.111111111111
0.649609513506 6.36363636364 0.111111111111
0.666509933348 6.56565656566 0.111111111111
0.683074543694 6.76767676768 0.111111111111
0.69929499875 6.9696969697 0.111111111111
0.715163126121 7.17171717172 0.111111111111
0.730670930926 7.37373737374 0.111111111111
0.745810599825 7.57575757576 0.111111111111
0.760574504958 7.77777777778 0.111111111111
0.774955207787 7.9797979798 0.111111111111
0.788945462844 8.18181818182 0.111111111111
0.802538221381 8.38383838384 0.111111111111
0.815726634922 8.58585858586 0.111111111111
0.828504058712 8.78787878788 0.111111111111
0.840864055068 8.9898989899 0.111111111111
0.852800396619 9.19191919192 0.111111111111
0.864307069447 9.39393939394 0.111111111111
0.875378276114 9.59595959596 0.111111111111
0.886008438582 9.79797979798 0.111111111111
0.89619220103 10.0 0.111111111111
0.190567962875 -10.0 0.333333333333
0.12408000005 -9.79797979798 0.333333333333
0.0570295861438 -9.59595959596 0.333333333333
-0.0102793412405 -9.39393939394 0.333333333333
-0.0775416726659 -9.19191919192 0.333333333333
-0.144452509913 -8.9898989899 0.333333333333
-0.210708548077 -8.78787878788 0.333333333333
-0.276009450437 -8.58585858586 0.333333333333
-0.340059209875 -8.38383838384 0.333333333333
-0.402567490669 -8.18181818182 0.333333333333
-0.463250944577 -7.9797979798 0.333333333333
-0.521834495241 -7.77777777778 0.333333333333
-0.578052585107 -7.57575757576 0.333333333333
-0.631650379186 -7.37373737374 0.333333333333
-0.682384920216 -7.17171717172 0.333333333333
-0.730026229976 -6.9696969697 0.333333333333
-0.774358351778 -6.76767676768 0.333333333333
-0.815180329383 -6.56565656566 0.333333333333
-0.85230711794 -6.36363636364 0.333333333333
-0.885570422779 -6.16161616162 0.333333333333
-0.914819462295 -5.9595959596 0.333333333333
-0.93992165143 -5.75757575758 0.333333333333
-0.960763202681 -5.55555555556 0.333333333333
-0.977249641895 -5.35353535354 0.333333333333
-0.989306236514 -5.15151515152 0.333333333333
-0.996878334342 -4.94949494949 0.333333333333
-0.999931611277 -4.74747474747 0.333333333333
-0.9984522269 -4.54545454545 0.333333333333
-0.992446887221 -4.34343434343 0.333333333333
-0.98194281427 -4.14141414141 0.333333333333
-0.966987622709 -3.93939393939 0.333333333333
-0.947649103993 -3.73737373737 0.333333333333
-0.924014919073 -3.53535353535 0.333333333333
-0.89619220103 -3.33333333333 0.333333333333
-0.864307069447 -3.13131313131 0.333333333333
-0.828504058712 -2.92929292929 0.333333333333
-0.788945462844 -2.72727272727 0.333333333333
-0.745810599825 -2.52525252525 0.333333333333
-0.69929499875 -2.32323232323 0.333333333333
-0.649609513506 -2.12121212121 0.333333333333
-0.596979366971 -1.91919191919 0.333333333333
-0.54164313009 -1.71717171717 0.333333333333
-0.483851640438 -1.51515151515 0.333333333333
-0.423866865179 -1.31313131313 0.333333333333
-0.361960713579 -1.11111111111 0.333333333333
-0.298413804448 -0.909090909091 0.333333333333
-0.233514194101 -0.707070707071 0.333333333333
-0.16755607061 -0.505050505051 0.333333333333
-0.100838420258 -0.30303030303 0.333333333333
-0.0336636722396 -0.10101010101 0.333333333333
0.0336636722396 0.10101010101 0.333333333333
0.100838420258 0.30303030303 0.333333333333
0.16755607061 0.505050505051 0.333333333333
0.233514194101 0.707070707071 0.333333333333
0.298413804448 0.909090909091 0.333333333333
0.361960713579 1.11111111111 0.333333333333
0.423866865179 1.31313131313 0.333333333333
0.483851640438 1.51515151515 0.333333333333
0.54164313009 1.71717171717 0.333333333333
0.596979366971 1.91919191919 0.333333333333
0.649609513506 2.12121212121 0.333333333333
0.69929499875 2.32323232323 0.333333333333
0.745810599825 2.52525252525 0.333333333333
0.788945462844 2.72727272727 0.333333333333
0.828504058712 2.92929292929 0.333333333333
0.864307069447 3.13131313131 0.333333333333
0.89619220103 3.33333333333 0.333333333333
0.924014919073 3.53535353535 0.333333333333
0.947649103993 3.73737373737 0.333333333333
0.966987622709 3.93939393939 0.333333333333
0.98194281427 4.14141414141 0.333333333333
0.992446887221 4.34343434343 0.333333333333
0.9984522269 4.54545454545 0.333333333333
0.999931611277 4.74747474747 0.333333333333
0.996878334342 4.94949494949 0.333333333333
0.989306236514 5.15151515152 0.333333333333
0.977249641895 5.35353535354 0.333333333333
0.960763202681 5.55555555556 0.333333333333
0.93992165143 5.75757575758 0.333333333333
0.914819462295 5.9595959596 0.333333333333
0.885570422779 6.16161616162 0.333333333333
0.85230711794 6.36363636364 0.333333333333
0.815180329383 6.56565656566 0.333333333333
0.774358351778 6.76767676768 0.333333333333
0.730026229976 6.9696969697 0.333333333333
0.682384920216 7.17171717172 0.333333333333
0.631650379186 7.37373737374 0.333333333333
0.578052585107 7.57575757576 0.333333333333
0.521834495241 7.77777777778 0.333333333333
0.463250944577 7.9797979798 0.333333333333
0.402567490669 8.18181818182 0.333333333333
0.340059209875 8.38383838384 0.333333333333
0.276009450437 8.58585858586 0.333333333333
0.210708548077 8.78787878788 0.333333333333
0.144452509913 8.9898989899 0.333333333333
0.0775416726659 9.19191919192 0.333333333333
0.0102793412405 9.39393939394 0.333333333333
-0.0570295861438 9.59595959596 0.333333333333
-0.12408000005 9.79797979798 0.333333333333
-0.190567962875 10.0 0.333333333333
0.665101514979 -10.0 0.555555555556
0.744551802214 -9.79797979798 0.555555555556
0.814633297682 -9.59595959596 0.555555555556
0.87446415685 -9.39393939394 0.555555555556
0.923291520266 -9.19191919192 0.555555555556
0.960500986893 -8.9898989899 0.555555555556
0.985624345192 -8.78787878788 0.555555555556
0.998345464691 -8.58585858586 0.555555555556
0.998504273896 -8.38383838384 0.555555555556
0.986098774491 -8.18181818182 0.555555555556
0.961285066481 -7.9797979798 0.555555555556
0.924375383968 -7.77777777778 0.555555555556
0.875834166268 -7.57575757576 0.555555555556
0.81627221381 -7.37373737374 0.555555555556
0.746439002358 -7.17171717172 0.555555555556
0.667213252256 -6.9696969697 0.555555555556
0.579591871379 -6.76767676768 0.555555555556
0.484677410912 -6.56565656566 0.555555555556
0.383664191806 -6.36363636364 0.555555555556
0.27782327648 -6.16161616162 0.555555555556
0.16848647488 -5.9595959596 0.555555555556
0.0570295861438 -5.75757575758 0.555555555556
-0.0551449132618 -5.55555555556 0.555555555556
-0.166625517081 -5.35353535354 0.555555555556
-0.276009450437 -5.15151515152 0.555555555556
-0.381920321127 -4.94949494949 0.555555555556
-0.483025438948 -4.74747474747 0.555555555556
-0.578052585107 -4.54545454545 0.555555555556
-0.665806020714 -4.34343434343 0.555555555556
-0.745181532923 -4.14141414141 0.555555555556
-0.815180329383 -3.93939393939 0.555555555556
-0.874921606172 -3.73737373737 0.555555555556
-0.923653631065 -3.53535353535 0.555555555556
-0.960763202681 -3.33333333333 0.555555555556
-0.985783366475 -3.13131313131 0.555555555556
-0.998399290483 -2.92929292929 0.555555555556
-0.9984522269 -2.72727272727 0.555555555556
-0.985941509621 -2.52525252525 0.555555555556
-0.961024562622 -2.32323232323 0.555555555556
-0.924014919073 -2.12121212121 0.555555555556
-0.875378276114 -1.91919191919 0.555555555556
-0.815726634922 -1.71717171717 0.555555555556
-0.745810599825 -1.51515151515 0.555555555556
-0.666509933348 -1.31313131313 0.555555555556
-0.57882248605 -1.11111111111 0.555555555556
-0.483851640438 -0.909090909091 0.555555555556
-0.382792426962 -0.707070707071 0.555555555556
-0.276916486797 -0.505050505051 0.555555555556
-0.16755607061 -0.30303030303 0.555555555556
-0.0560872746841 -0.10101010101 0.555555555556
0.0560872746841 0.10101010101 0.555555555556
0.16755607061 0.30303030303 0.555555555556
0.276916486797 0.505050505051 0.555555555556
0.382792426962 0.707070707071 0.555555555556
0.483851640438 0.909090909091 0.555555555556
0.57882248605 1.11111111111 0.555555555556
0.666509933348 1.31313131313 0.555555555556
0.745810599825 1.51515151515 0.555555555556
0.815726634922 1.71717171717 0.555555555556
0.875378276114 1.91919191919 0.555555555556
0.924014919073 2.12121212121 0.555555555556
0.961024562622 2.32323232323 0.555555555556
0.985941509621 2.52525252525 0.555555555556
0.9984522269 2.72727272727 0.555555555556
0.998399290483 2.92929292929 0.555555555556
0.985783366475 3.13131313131 0.555555555556
0.960763202681 3.33333333333 0.555555555556
0.923653631065 3.53535353535 0.555555555556
0.874921606172 3.73737373737 0.555555555556
0.815180329383 3.93939393939 0.555555555556
0.745181532923 4.14141414141 0.555555555556
0.665806020714 4.34343434343 0.555555555556
0.578052585107 4.54545454545 0.555555555556
0.483025438948 4.74747474747 0.555555555556
0.381920321127 4.94949494949 0.555555555556
0.276009450437 5.15151515152 0.555555555556
0.166625517081 5.35353535354 0.555555555556
0.0551449132618 5.55555555556 0.555555555556
-0.0570295861438 5.75757575758 0.555555555556
-0.16848647488 5.9595959596 0.555555555556
-0.27782327648 6.16161616162 0.555555555556
-0.383664191806 6.36363636364 0.555555555556
-0.484677410912 6.56565656566 0.555555555556
-0.579591871379 6.76767676768 0.555555555556
-0.667213252256 6.9696969697 0.555555555556
-0.746439002358 7.17171717172 0.555555555556
-0.81627221381 7.37373737374 0.555555555556
-0.875834166268 7.57575757576 0.555555555556
-0.924375383968 7.77777777778 0.555555555556
-0.961285066481 7.9797979798 0.555555555556
-0.986098774491 8.18181818182 0.555555555556
-0.998504273896 8.38383838384 0.555555555556
-0.998345464691 8.58585858586 0.555555555556
-0.985624345192 8.78787878788 0.555555555556
-0.960500986893 8.9898989899 0.555555555556
-0.923291520266 9.19191919192 0.555555555556
-0.87446415685 9.39393939394 0.555555555556
-0.814633297682 9.59595959596 0.555555555556
-0.744551802214 9.79797979798 0.555555555556
-0.665101514979 10.0 0.555555555556
-0.997097890944 -10.0 0.777777777778
-0.972901675589 -9.79797979798 0.777777777778
-0.924735025429 -9.59595959596 0.777777777778
-0.853784674515 -9.39393939394 0.777777777778
-0.761798703671 -9.19191919192 0.777777777778
-0.651043471123 -8.9898989899 0.777777777778
-0.524247773776 -8.78787878788 0.777777777778
-0.384535614882 -8.58585858586 0.777777777778
-0.235349234575 -8.38383838384 0.777777777778
-0.0803642996703 -8.18181818182 0.777777777778
0.0766006577319 -7.9797979798 0.777777777778
0.231678321569 -7.77777777778 0.777777777778
0.381047875077 -7.57575757576 0.777777777778
0.521029138405 -7.37373737374 0.777777777778
0.648173241199 -7.17171717172 0.777777777778
0.759347596165 -6.9696969697 0.777777777778
0.851813080024 -6.76767676768 0.777777777778
0.923291520266 -6.56565656566 0.777777777778
0.972021824959 -6.36363636364 0.777777777778
0.996803372681 -6.16161616162 0.777777777778
0.997025593539 -5.9595959596 0.777777777778
0.972683012435 -5.75757575758 0.777777777778
0.924375383968 -5.55555555556 0.777777777778
0.853292915624 -5.35353535354 0.777777777778
0.761186943347 -5.15151515152 0.777777777778
0.65032678197 -4.94949494949 0.777777777778
0.523443813643 -4.74747474747 0.777777777778
0.383664191806 -4.54545454545 0.777777777778
0.234431818754 -4.34343434343 0.777777777778
0.0794234944733 -4.14141414141 0.777777777778
-0.0775416726659 -3.93939393939 0.777777777778
-0.232596361433 -3.73737373737 0.777777777778
-0.381920321127 -3.53535353535 0.777777777778
-0.521834495241 -3.33333333333 0.777777777778
-0.648891666369 -3.13131313131 0.777777777778
-0.759961389049 -2.92929292929 0.777777777778
-0.85230711794 -2.72727272727 0.777777777778
-0.923653631065 -2.52525252525 0.777777777778
-0.972243086924 -2.32323232323 0.777777777778
-0.996878334342 -2.12121212121 0.777777777778
-0.996952407984 -1.91919191919 0.777777777778
-0.972463482815 -1.71717171717 0.777777777778
-0.924014919073 -1.51515151515 0.777777777778
-0.852800396619 -1.31313131313 0.777777777778
-0.760574504958 -1.11111111111 0.777777777778
-0.649609513506 -0.909090909091 0.777777777778
-0.522639387225 -0.707070707071 0.777777777778
-0.382792426962 -0.505050505051 0.777777777778
-0.233514194101 -0.30303030303 0.777777777778
-0.0784826185258 -0.10101010101 0.777777777778
0.0784826185258 0.10101010101 0.777777777778
0.233514194101 0.30303030303 0.777777777778
0.382792426962 0.505050505051 0.777777777778
0.522639387225 0.707070707071 0.777777777778
0.649609513506 0.909090909091 0.777777777778
0.760574504958 1.11111111111 0.777777777778
0.852800396619 1.31313131313 0.777777777778
0.924014919073 1.51515151515 0.777777777778
0.972463482815 1.71717171717 0.777777777778
0.996952407984 1.91919191919 0.777777777778
0.996878334342 2.12121212121 0.777777777778
0.972243086924 2.32323232323 0.777777777778
0.923653631065 2.52525252525 0.777777777778
0.85230711794 2.72727272727 0.777777777778
0.759961389049 2.92929292929 0.777777777778
0.648891666369 3.13131313131 0.777777777778
0.521834495241 3.33333333333 0.777777777778
0.381920321127 3.53535353535 0.777777777778
0.232596361433 3.73737373737 0.777777777778
0.0775416726659 3.93939393939 0.777777777778
-0.0794234944733 4.14141414141 0.777777777778
-0.234431818754 4.34343434343 0.777777777778
-0.383664191806 4.54545454545 0.777777777778
-0.523443813643 4.74747474747 0.777777777778
-0.65032678197 4.94949494949 0.777777777778
-0.761186943347 5.15151515152 0.777777777778
-0.853292915624 5.35353535354 0.777777777778
-0.924375383968 5.55555555556 0.777777777778
-0.972683012435 5.75757575758 0.777777777778
-0.997025593539 5.9595959596 0.777777777778
-0.996803372681 6.16161616162 0.777777777778
-0.972021824959 6.36363636364 0.777777777778
-0.923291520266 6.56565656566 0.777777777778
-0.851813080024 6.76767676768 0.777777777778
-0.759347596165 6.9696969697 0.777777777778
-0.648173241199 7.17171717172 0.777777777778
-0.521029138405 7.37373737374 0.777777777778
-0.381047875077 7.57575757576 0.777777777778
-0.231678321569 7.77777777778 0.777777777778
-0.0766006577319 7.9797979798 0.777777777778
0.0803642996703 8.18181818182 0.777777777778
0.235349234575 8.38383838384 0.777777777778
0.384535614882 8.58585858586 0.777777777778
0.524247773776 8.78787878788 0.777777777778
0.651043471123 8.9898989899 0.777777777778
0.761798703671 9.19191919192 0.777777777778
0.853784674515 9.39393939394 0.777777777778
0.924735025429 9.59595959596 0.777777777778
0.972901675589 9.79797979798 0.777777777778
0.997097890944 10.0 0.777777777778
0.544021110889 -10.0 1.0
0.364598733656 -9.79797979798 1.0
0.170346832328 -9.59595959596 1.0
-0.0308336790611 -9.39393939394 1.0
-0.230760075325 -9.19191919192 1.0
-0.421300640589 -8.9898989899 1.0
-0.594705414024 -8.78787878788 1.0
-0.743921408257 -8.58585858586 1.0
-0.862879479382 -8.38383838384 1.0
-0.946741180583 -8.18181818182 1.0
-0.992095558932 -7.9797979798 1.0
-0.997097890944 -7.77777777778 1.0
-0.961544714027 -7.57575757576 1.0
-0.886882102029 -7.37373737374 1.0
-0.776146848284 -7.17171717172 1.0
-0.633842948449 -6.9696969697 1.0
-0.465758407026 -6.76767676768 1.0
-0.278729818678 -6.56565656566 1.0
-0.0803642996703 -6.36363636364 1.0
0.121269920537 -6.16161616162 1.0
0.317971662811 -5.9595959596 1.0
0.501740369394 -5.75757575758 1.0
0.665101514979 -5.55555555556 1.0
0.801410622169 -5.35353535354 1.0
0.90512351595 -5.15151515152 1.0
0.972021824959 -4.94949494949 1.0
0.999384557612 -4.74747474747 1.0
0.986098774491 -4.54545454545 1.0
0.932704855532 -4.34343434343 1.0
0.841374520861 -4.14141414141 1.0
0.715822499229 -3.93939393939 1.0
0.561155436815 -3.73737373737 1.0
0.383664191806 -3.53535353535 1.0
0.190567962875 -3.33333333333 1.0
-0.0102793412405 -3.13131313131 1.0
-0.210708548077 -2.92929292929 1.0
-0.402567490669 -2.72727272727 1.0
-0.578052585107 -2.52525252525 1.0
-0.730026229976 -2.32323232323 1.0
-0.85230711794 -2.12121212121 1.0
-0.93992165143 -1.91919191919 1.0
-0.989306236514 -1.71717171717 1.0
-0.9984522269 -1.51515151515 1.0
-0.966987622709 -1.31313131313 1.0
-0.89619220103 -1.11111111111 1.0
-0.788945462844 -0.909090909091 1.0
-0.649609513506 -0.707070707071 1.0
-0.483851640438 -0.505050505051 1.0
-0.298413804448 -0.30303030303 1.0
-0.100838420258 -0.10101010101 1.0
0.100838420258 0.10101010101 1.0
0.298413804448 0.30303030303 1.0
0.483851640438 0.505050505051 1.0
0.649609513506 0.707070707071 1.0
0.788945462844 0.909090909091 1.0
0.89619220103 1.11111111111 1.0
0.966987622709 1.31313131313 1.0
0.9984522269 1.51515151515 1.0
0.989306236514 1.71717171717 1.0
0.93992165143 1.91919191919 1.0
0.85230711794 2.12121212121 1.0
0.730026229976 2.32323232323 1.0
0.578052585107 2.52525252525 1.0
0.402567490669 2.72727272727 1.0
0.210708548077 2.92929292929 1.0
0.0102793412405 3.13131313131 1.0
-0.190567962875 3.33333333333 1.0
-0.383664191806 3.53535353535 1.0
-0.561155436815 3.73737373737 1.0
-0.715822499229 3.93939393939 1.0
-0.841374520861 4.14141414141 1.0
-0.932704855532 4.34343434343 1.0
-0.986098774491 4.54545454545 1.0
-0.999384557612 4.74747474747 1.0
-0.972021824959 4.94949494949 1.0
-0.90512351595 5.15151515152 1.0
-0.801410622169 5.35353535354 1.0
-0.665101514979 5.55555555556 1.0
-0.501740369394 5.75757575758 1.0
-0.317971662811 5.9595959596 1.0
-0.121269920537 6.16161616162 1.0
0.0803642996703 6.36363636364 1.0
0.278729818678 6.56565656566 1.0
0.465758407026 6.76767676768 1.0
0.633842948449 6.9696969697 1.0
0.776146848284 7.17171717172 1.0
0.886882102029 7.37373737374 1.0
0.961544714027 7.57575757576 1.0
0.997097890944 7.77777777778 1.0
0.992095558932 7.9797979798 1.0
0.946741180583 8.18181818182 1.0
0.862879479382 8.38383838384 1.0
0.743921408257 8.58585858586 1.0
0.594705414024 8.78787878788 1.0
0.421300640589 8.9898989899 1.0
0.230760075325 9.19191919192 1.0
0.0308336790611 9.39393939394 1.0
-0.170346832328 9.59595959596 1.0
-0.364598733656 9.79797979798 1.0
-0.544021110889 10.0 1.0
